  (0 0 | 0 0) -> (0|0) -> (0) =   4.78506540470551
  (0 0 | 0 0) -> (0|0) -> (0) =   4.78506540470551
  (0 0 | 0 0) -> (0|0) -> (0) =   4.78506540470551
  (0 0 | 0 0) -> (0|0) -> (0) =   4.78506540470551
  (0 0 | 0 0) -> (0|0) -> (0) =   4.78506540470551
  (0 0 | 0 0) -> (0|0) -> (0) =   4.78506540470551
  (0 0 | 0 0) -> (0|0) -> (0) =   4.78506540470551
  (0 0 | 0 0) -> (0|0) -> (0) =   4.78506540470551
  (1 0 | 0 0) -> (1|0) -> (1) =   0.74138035197341
  (0 1 | 0 0) -> (1|0) -> (1) =   0.74138035197341
  (1 0 | 0 0) -> (1|0) -> (1) =   0.74138035197341
  (0 1 | 0 0) -> (1|0) -> (1) =   0.74138035197341
  (0 0 | 1 0) -> (0|1) -> (1) =   0.74138035197341
  (0 0 | 0 1) -> (0|1) -> (1) =   0.74138035197341
  (0 0 | 1 0) -> (0|1) -> (1) =   0.74138035197341
  (0 0 | 0 1) -> (0|1) -> (1) =   0.74138035197341
  (1 1 | 0 0) -> (2|0) -> (3) =   1.11894686634247
  (1 1 | 0 0) -> (2|0) -> (3) =   1.11894686634247
  (1 1 | 0 0) -> (2|0) -> (3) =   1.11894686634247
  (1 1 | 0 0) -> (2|0) -> (3) =   1.11894686634247
  (0 0 | 1 1) -> (0|2) -> (2) =   1.11894686634247
  (0 0 | 1 1) -> (0|2) -> (2) =   1.11894686634247
  (0 0 | 1 1) -> (0|2) -> (2) =   1.11894686634247
  (0 0 | 1 1) -> (0|2) -> (2) =   1.11894686634247
  (1 0 | 1 0) -> (1|1) -> (2) =   0.13687338535439
  (0 1 | 1 0) -> (1|1) -> (2) =   0.13687338535439
  (1 0 | 0 1) -> (1|1) -> (2) =   0.13687338535439
  (0 1 | 0 1) -> (1|1) -> (2) =   0.13687338535439
  (1 0 | 1 0) -> (1|1) -> (2) =   0.13687338535439
  (1 0 | 0 1) -> (1|1) -> (2) =   0.13687338535439
  (0 1 | 1 0) -> (1|1) -> (2) =   0.13687338535439
  (0 1 | 0 1) -> (1|1) -> (2) =   0.13687338535439
  (1 1 | 1 0) -> (2|1) -> (4) =   0.25663339473097
  (1 1 | 1 0) -> (2|1) -> (4) =   0.25663339473097
  (1 1 | 0 1) -> (2|1) -> (4) =   0.25663339473097
  (1 1 | 0 1) -> (2|1) -> (4) =   0.25663339473097
  (1 0 | 1 1) -> (1|2) -> (3) =   0.25663339473097
  (1 0 | 1 1) -> (1|2) -> (3) =   0.25663339473097
  (0 1 | 1 1) -> (1|2) -> (3) =   0.25663339473097
  (0 1 | 1 1) -> (1|2) -> (3) =   0.25663339473097
  (1 1 | 1 1) -> (2|2) -> (5) =   0.81720632152606
  (1 1 | 1 1) -> (2|2) -> (5) =   0.81720632152606
  (1 1 | 1 1) -> (2|2) -> (5) =   0.81720632152606
  (1 1 | 1 1) -> (2|2) -> (5) =   0.81720632152606
  (1 1 | 1 1) -> (2|2) -> (5) =   0.81720632152606
  (1 1 | 1 1) -> (2|2) -> (5) =   0.81720632152606
  (1 1 | 1 1) -> (2|2) -> (5) =   0.81720632152606
  (1 1 | 1 1) -> (2|2) -> (5) =   0.81720632152606
  (2 2 | 0 0) -> (5|0) -> (15) =   1.11581381215243
  (2 2 | 0 0) -> (5|0) -> (15) =   1.11581381215243
  (2 2 | 0 0) -> (5|0) -> (15) =   1.11581381215243
  (2 2 | 0 0) -> (5|0) -> (15) =   1.11581381215243
  (0 0 | 2 2) -> (0|5) -> (5) =   1.11581381215243
  (0 0 | 2 2) -> (0|5) -> (5) =   1.11581381215243
  (0 0 | 2 2) -> (0|5) -> (5) =   1.11581381215243
  (0 0 | 2 2) -> (0|5) -> (5) =   1.11581381215243
  (3 3 | 0 0) -> (9|0) -> (45) =   1.11581381215243
  (3 3 | 0 0) -> (9|0) -> (45) =   1.11581381215243
  (3 3 | 0 0) -> (9|0) -> (45) =   1.11581381215243
  (3 3 | 0 0) -> (9|0) -> (45) =   1.11581381215243
  (0 0 | 3 3) -> (0|9) -> (9) =   1.11581381215243
  (0 0 | 3 3) -> (0|9) -> (9) =   1.11581381215243
  (0 0 | 3 3) -> (0|9) -> (9) =   1.11581381215243
  (0 0 | 3 3) -> (0|9) -> (9) =   1.11581381215243
  (4 4 | 0 0) -> (14|0) -> (105) =   1.11581381215243
  (4 4 | 0 0) -> (14|0) -> (105) =   1.11581381215243
  (4 4 | 0 0) -> (14|0) -> (105) =   1.11581381215243
  (4 4 | 0 0) -> (14|0) -> (105) =   1.11581381215243
  (0 0 | 4 4) -> (0|14) -> (14) =   1.11581381215243
  (0 0 | 4 4) -> (0|14) -> (14) =   1.11581381215243
  (0 0 | 4 4) -> (0|14) -> (14) =   1.11581381215243
  (0 0 | 4 4) -> (0|14) -> (14) =   1.11581381215243
  (2 0 | 2 0) -> (3|3) -> (9) =   0.02447741225810
  (0 2 | 2 0) -> (2|3) -> (6) =   0.02447741225810
  (2 0 | 0 2) -> (3|2) -> (8) =   0.02447741225810
  (0 2 | 0 2) -> (2|2) -> (5) =   0.02447741225810
  (2 0 | 2 0) -> (3|3) -> (9) =   0.02447741225810
  (2 0 | 0 2) -> (3|2) -> (8) =   0.02447741225810
  (0 2 | 2 0) -> (2|3) -> (6) =   0.02447741225810
  (0 2 | 0 2) -> (2|2) -> (5) =   0.02447741225810
  (3 0 | 3 0) -> (6|6) -> (27) =   0.02447741225810
  (0 3 | 3 0) -> (3|6) -> (12) =   0.02447741225810
  (3 0 | 0 3) -> (6|3) -> (24) =   0.02447741225810
  (0 3 | 0 3) -> (3|3) -> (9) =   0.02447741225810
  (3 0 | 3 0) -> (6|6) -> (27) =   0.02447741225810
  (3 0 | 0 3) -> (6|3) -> (24) =   0.02447741225810
  (0 3 | 3 0) -> (3|6) -> (12) =   0.02447741225810
  (0 3 | 0 3) -> (3|3) -> (9) =   0.02447741225810
  (4 0 | 4 0) -> (10|10) -> (65) =   0.02447741225810
  (0 4 | 4 0) -> (4|10) -> (20) =   0.02447741225810
  (4 0 | 0 4) -> (10|4) -> (59) =   0.02447741225810
  (0 4 | 0 4) -> (4|4) -> (14) =   0.02447741225810
  (4 0 | 4 0) -> (10|10) -> (65) =   0.02447741225810
  (4 0 | 0 4) -> (10|4) -> (59) =   0.02447741225810
  (0 4 | 4 0) -> (4|10) -> (20) =   0.02447741225810
  (0 4 | 0 4) -> (4|4) -> (14) =   0.02447741225810
  (2 2 | 1 0) -> (5|1) -> (16) =   0.25668398581010
  (2 2 | 1 0) -> (5|1) -> (16) =   0.25668398581010
  (2 2 | 0 1) -> (5|1) -> (16) =   0.25668398581010
  (2 2 | 0 1) -> (5|1) -> (16) =   0.25668398581010
  (1 0 | 2 2) -> (1|5) -> (6) =   0.25668398581010
  (1 0 | 2 2) -> (1|5) -> (6) =   0.25668398581010
  (0 1 | 2 2) -> (1|5) -> (6) =   0.25668398581010
  (0 1 | 2 2) -> (1|5) -> (6) =   0.25668398581010
  (3 3 | 1 0) -> (9|1) -> (46) =   0.25668398581010
  (3 3 | 1 0) -> (9|1) -> (46) =   0.25668398581010
  (3 3 | 0 1) -> (9|1) -> (46) =   0.25668398581010
  (3 3 | 0 1) -> (9|1) -> (46) =   0.25668398581010
  (1 0 | 3 3) -> (1|9) -> (10) =   0.25668398581010
  (1 0 | 3 3) -> (1|9) -> (10) =   0.25668398581010
  (0 1 | 3 3) -> (1|9) -> (10) =   0.25668398581010
  (0 1 | 3 3) -> (1|9) -> (10) =   0.25668398581010
  (4 4 | 1 0) -> (14|1) -> (106) =   0.25668398581010
  (4 4 | 1 0) -> (14|1) -> (106) =   0.25668398581010
  (4 4 | 0 1) -> (14|1) -> (106) =   0.25668398581010
  (4 4 | 0 1) -> (14|1) -> (106) =   0.25668398581010
  (1 0 | 4 4) -> (1|14) -> (15) =   0.25668398581010
  (1 0 | 4 4) -> (1|14) -> (15) =   0.25668398581010
  (0 1 | 4 4) -> (1|14) -> (15) =   0.25668398581010
  (0 1 | 4 4) -> (1|14) -> (15) =   0.25668398581010
  (2 1 | 2 0) -> (4|3) -> (13) =   0.03780860741636
  (1 2 | 2 0) -> (3|3) -> (9) =   0.03780860741636
  (2 1 | 0 2) -> (4|2) -> (12) =   0.03780860741636
  (1 2 | 0 2) -> (3|2) -> (8) =   0.03780860741636
  (2 0 | 2 1) -> (3|4) -> (10) =   0.03780860741636
  (2 0 | 1 2) -> (3|3) -> (9) =   0.03780860741636
  (0 2 | 2 1) -> (2|4) -> (7) =   0.03780860741636
  (0 2 | 1 2) -> (2|3) -> (6) =   0.03780860741636
  (3 1 | 3 0) -> (7|6) -> (34) =   0.03780860741636
  (1 3 | 3 0) -> (4|6) -> (16) =   0.03780860741636
  (3 1 | 0 3) -> (7|3) -> (31) =   0.03780860741636
  (1 3 | 0 3) -> (4|3) -> (13) =   0.03780860741636
  (3 0 | 3 1) -> (6|7) -> (28) =   0.03780860741636
  (3 0 | 1 3) -> (6|4) -> (25) =   0.03780860741636
  (0 3 | 3 1) -> (3|7) -> (13) =   0.03780860741636
  (0 3 | 1 3) -> (3|4) -> (10) =   0.03780860741636
  (4 1 | 4 0) -> (11|10) -> (76) =   0.03780860741636
  (1 4 | 4 0) -> (5|10) -> (25) =   0.03780860741636
  (4 1 | 0 4) -> (11|4) -> (70) =   0.03780860741636
  (1 4 | 0 4) -> (5|4) -> (19) =   0.03780860741636
  (4 0 | 4 1) -> (10|11) -> (66) =   0.03780860741636
  (4 0 | 1 4) -> (10|5) -> (60) =   0.03780860741636
  (0 4 | 4 1) -> (4|11) -> (21) =   0.03780860741636
  (0 4 | 1 4) -> (4|5) -> (15) =   0.03780860741636
  (2 2 | 1 1) -> (5|2) -> (17) =   0.81702260532091
  (2 2 | 1 1) -> (5|2) -> (17) =   0.81702260532091
  (2 2 | 1 1) -> (5|2) -> (17) =   0.81702260532091
  (2 2 | 1 1) -> (5|2) -> (17) =   0.81702260532091
  (1 1 | 2 2) -> (2|5) -> (8) =   0.81702260532091
  (1 1 | 2 2) -> (2|5) -> (8) =   0.81702260532091
  (1 1 | 2 2) -> (2|5) -> (8) =   0.81702260532091
  (1 1 | 2 2) -> (2|5) -> (8) =   0.81702260532091
  (3 3 | 1 1) -> (9|2) -> (47) =   0.81702260532091
  (3 3 | 1 1) -> (9|2) -> (47) =   0.81702260532091
  (3 3 | 1 1) -> (9|2) -> (47) =   0.81702260532091
  (3 3 | 1 1) -> (9|2) -> (47) =   0.81702260532091
  (1 1 | 3 3) -> (2|9) -> (12) =   0.81702260532091
  (1 1 | 3 3) -> (2|9) -> (12) =   0.81702260532091
  (1 1 | 3 3) -> (2|9) -> (12) =   0.81702260532091
  (1 1 | 3 3) -> (2|9) -> (12) =   0.81702260532091
  (4 4 | 1 1) -> (14|2) -> (107) =   0.81702260532091
  (4 4 | 1 1) -> (14|2) -> (107) =   0.81702260532091
  (4 4 | 1 1) -> (14|2) -> (107) =   0.81702260532091
  (4 4 | 1 1) -> (14|2) -> (107) =   0.81702260532091
  (1 1 | 4 4) -> (2|14) -> (17) =   0.81702260532091
  (1 1 | 4 4) -> (2|14) -> (17) =   0.81702260532091
  (1 1 | 4 4) -> (2|14) -> (17) =   0.81702260532091
  (1 1 | 4 4) -> (2|14) -> (17) =   0.81702260532091
  (2 1 | 2 1) -> (4|4) -> (14) =   0.18051839210463
  (1 2 | 2 1) -> (3|4) -> (10) =   0.18051839210463
  (2 1 | 1 2) -> (4|3) -> (13) =   0.18051839210463
  (1 2 | 1 2) -> (3|3) -> (9) =   0.18051839210463
  (2 1 | 2 1) -> (4|4) -> (14) =   0.18051839210463
  (2 1 | 1 2) -> (4|3) -> (13) =   0.18051839210463
  (1 2 | 2 1) -> (3|4) -> (10) =   0.18051839210463
  (1 2 | 1 2) -> (3|3) -> (9) =   0.18051839210463
  (3 1 | 3 1) -> (7|7) -> (35) =   0.18051839210463
  (1 3 | 3 1) -> (4|7) -> (17) =   0.18051839210463
  (3 1 | 1 3) -> (7|4) -> (32) =   0.18051839210463
  (1 3 | 1 3) -> (4|4) -> (14) =   0.18051839210463
  (3 1 | 3 1) -> (7|7) -> (35) =   0.18051839210463
  (3 1 | 1 3) -> (7|4) -> (32) =   0.18051839210463
  (1 3 | 3 1) -> (4|7) -> (17) =   0.18051839210463
  (1 3 | 1 3) -> (4|4) -> (14) =   0.18051839210463
  (4 1 | 4 1) -> (11|11) -> (77) =   0.18051839210463
  (1 4 | 4 1) -> (5|11) -> (26) =   0.18051839210463
  (4 1 | 1 4) -> (11|5) -> (71) =   0.18051839210463
  (1 4 | 1 4) -> (5|5) -> (20) =   0.18051839210463
  (4 1 | 4 1) -> (11|11) -> (77) =   0.18051839210463
  (4 1 | 1 4) -> (11|5) -> (71) =   0.18051839210463
  (1 4 | 4 1) -> (5|11) -> (26) =   0.18051839210463
  (1 4 | 1 4) -> (5|5) -> (20) =   0.18051839210463
  (2 2 | 2 2) -> (5|5) -> (20) =   0.88015909337505
  (2 2 | 2 2) -> (5|5) -> (20) =   0.88015909337505
  (2 2 | 2 2) -> (5|5) -> (20) =   0.88015909337505
  (2 2 | 2 2) -> (5|5) -> (20) =   0.88015909337505
  (2 2 | 2 2) -> (5|5) -> (20) =   0.88015909337505
  (2 2 | 2 2) -> (5|5) -> (20) =   0.88015909337505
  (2 2 | 2 2) -> (5|5) -> (20) =   0.88015909337505
  (2 2 | 2 2) -> (5|5) -> (20) =   0.88015909337505
  (3 2 | 3 2) -> (8|8) -> (44) =   0.04744444511838
  (2 3 | 3 2) -> (6|8) -> (29) =   0.04744444511838
  (3 2 | 2 3) -> (8|6) -> (42) =   0.04744444511838
  (2 3 | 2 3) -> (6|6) -> (27) =   0.04744444511838
  (3 2 | 3 2) -> (8|8) -> (44) =   0.04744444511838
  (3 2 | 2 3) -> (8|6) -> (42) =   0.04744444511838
  (2 3 | 3 2) -> (6|8) -> (29) =   0.04744444511838
  (2 3 | 2 3) -> (6|6) -> (27) =   0.04744444511838
  (3 3 | 2 2) -> (9|5) -> (50) =   0.78527020313828
  (3 3 | 2 2) -> (9|5) -> (50) =   0.78527020313828
  (3 3 | 2 2) -> (9|5) -> (50) =   0.78527020313828
  (3 3 | 2 2) -> (9|5) -> (50) =   0.78527020313828
  (2 2 | 3 3) -> (5|9) -> (24) =   0.78527020313828
  (2 2 | 3 3) -> (5|9) -> (24) =   0.78527020313828
  (2 2 | 3 3) -> (5|9) -> (24) =   0.78527020313828
  (2 2 | 3 3) -> (5|9) -> (24) =   0.78527020313828
  (3 3 | 3 3) -> (9|9) -> (54) =   0.88015909337505
  (3 3 | 3 3) -> (9|9) -> (54) =   0.88015909337505
  (3 3 | 3 3) -> (9|9) -> (54) =   0.88015909337505
  (3 3 | 3 3) -> (9|9) -> (54) =   0.88015909337505
  (3 3 | 3 3) -> (9|9) -> (54) =   0.88015909337505
  (3 3 | 3 3) -> (9|9) -> (54) =   0.88015909337505
  (3 3 | 3 3) -> (9|9) -> (54) =   0.88015909337505
  (3 3 | 3 3) -> (9|9) -> (54) =   0.88015909337505
  (4 2 | 4 2) -> (12|12) -> (90) =   0.04744444511838
  (2 4 | 4 2) -> (7|12) -> (40) =   0.04744444511838
  (4 2 | 2 4) -> (12|7) -> (85) =   0.04744444511838
  (2 4 | 2 4) -> (7|7) -> (35) =   0.04744444511838
  (4 2 | 4 2) -> (12|12) -> (90) =   0.04744444511838
  (4 2 | 2 4) -> (12|7) -> (85) =   0.04744444511838
  (2 4 | 4 2) -> (7|12) -> (40) =   0.04744444511838
  (2 4 | 2 4) -> (7|7) -> (35) =   0.04744444511838
  (4 3 | 4 3) -> (13|13) -> (104) =   0.04744444511838
  (3 4 | 4 3) -> (10|13) -> (68) =   0.04744444511838
  (4 3 | 3 4) -> (13|10) -> (101) =   0.04744444511838
  (3 4 | 3 4) -> (10|10) -> (65) =   0.04744444511838
  (4 3 | 4 3) -> (13|13) -> (104) =   0.04744444511838
  (4 3 | 3 4) -> (13|10) -> (101) =   0.04744444511838
  (3 4 | 4 3) -> (10|13) -> (68) =   0.04744444511838
  (3 4 | 3 4) -> (10|10) -> (65) =   0.04744444511838
  (4 4 | 2 2) -> (14|5) -> (110) =   0.78527020313828
  (4 4 | 2 2) -> (14|5) -> (110) =   0.78527020313828
  (4 4 | 2 2) -> (14|5) -> (110) =   0.78527020313828
  (4 4 | 2 2) -> (14|5) -> (110) =   0.78527020313828
  (2 2 | 4 4) -> (5|14) -> (29) =   0.78527020313828
  (2 2 | 4 4) -> (5|14) -> (29) =   0.78527020313828
  (2 2 | 4 4) -> (5|14) -> (29) =   0.78527020313828
  (2 2 | 4 4) -> (5|14) -> (29) =   0.78527020313828
  (4 4 | 3 3) -> (14|9) -> (114) =   0.78527020313828
  (4 4 | 3 3) -> (14|9) -> (114) =   0.78527020313828
  (4 4 | 3 3) -> (14|9) -> (114) =   0.78527020313828
  (4 4 | 3 3) -> (14|9) -> (114) =   0.78527020313828
  (3 3 | 4 4) -> (9|14) -> (59) =   0.78527020313828
  (3 3 | 4 4) -> (9|14) -> (59) =   0.78527020313828
  (3 3 | 4 4) -> (9|14) -> (59) =   0.78527020313828
  (3 3 | 4 4) -> (9|14) -> (59) =   0.78527020313828
  (4 4 | 4 4) -> (14|14) -> (119) =   0.88015909337505
  (4 4 | 4 4) -> (14|14) -> (119) =   0.88015909337505
  (4 4 | 4 4) -> (14|14) -> (119) =   0.88015909337505
  (4 4 | 4 4) -> (14|14) -> (119) =   0.88015909337505
  (4 4 | 4 4) -> (14|14) -> (119) =   0.88015909337505
  (4 4 | 4 4) -> (14|14) -> (119) =   0.88015909337505
  (4 4 | 4 4) -> (14|14) -> (119) =   0.88015909337505
  (4 4 | 4 4) -> (14|14) -> (119) =   0.88015909337505
  (5 0 | 0 0) -> (15|0) -> (120) =   0.12178534941681
  (0 5 | 0 0) -> (5|0) -> (15) =   0.12178534941681
  (5 0 | 0 0) -> (15|0) -> (120) =   0.12178534941681
  (0 5 | 0 0) -> (5|0) -> (15) =   0.12178534941681
  (0 0 | 5 0) -> (0|15) -> (15) =   0.12178534941681
  (0 0 | 0 5) -> (0|5) -> (5) =   0.12178534941681
  (0 0 | 5 0) -> (0|15) -> (15) =   0.12178534941681
  (0 0 | 0 5) -> (0|5) -> (5) =   0.12178534941681
  (5 1 | 0 0) -> (16|0) -> (136) =   0.31333413320385
  (1 5 | 0 0) -> (6|0) -> (21) =   0.31333413320385
  (5 1 | 0 0) -> (16|0) -> (136) =   0.31333413320385
  (1 5 | 0 0) -> (6|0) -> (21) =   0.31333413320385
  (0 0 | 5 1) -> (0|16) -> (16) =   0.31333413320385
  (0 0 | 1 5) -> (0|6) -> (6) =   0.31333413320385
  (0 0 | 5 1) -> (0|16) -> (16) =   0.31333413320385
  (0 0 | 1 5) -> (0|6) -> (6) =   0.31333413320385
  (5 0 | 1 0) -> (15|1) -> (121) =   0.02230923606265
  (0 5 | 1 0) -> (5|1) -> (16) =   0.02230923606265
  (5 0 | 0 1) -> (15|1) -> (121) =   0.02230923606265
  (0 5 | 0 1) -> (5|1) -> (16) =   0.02230923606265
  (1 0 | 5 0) -> (1|15) -> (16) =   0.02230923606265
  (1 0 | 0 5) -> (1|5) -> (6) =   0.02230923606265
  (0 1 | 5 0) -> (1|15) -> (16) =   0.02230923606265
  (0 1 | 0 5) -> (1|5) -> (6) =   0.02230923606265
  (5 1 | 1 0) -> (16|1) -> (137) =   0.07284010950806
  (1 5 | 1 0) -> (6|1) -> (22) =   0.07284010950806
  (5 1 | 0 1) -> (16|1) -> (137) =   0.07284010950806
  (1 5 | 0 1) -> (6|1) -> (22) =   0.07284010950806
  (1 0 | 5 1) -> (1|16) -> (17) =   0.07284010950806
  (1 0 | 1 5) -> (1|6) -> (7) =   0.07284010950806
  (0 1 | 5 1) -> (1|16) -> (17) =   0.07284010950806
  (0 1 | 1 5) -> (1|6) -> (7) =   0.07284010950806
  (5 0 | 1 1) -> (15|2) -> (122) =   0.04161162230092
  (0 5 | 1 1) -> (5|2) -> (17) =   0.04161162230092
  (5 0 | 1 1) -> (15|2) -> (122) =   0.04161162230092
  (0 5 | 1 1) -> (5|2) -> (17) =   0.04161162230092
  (1 1 | 5 0) -> (2|15) -> (18) =   0.04161162230092
  (1 1 | 0 5) -> (2|5) -> (8) =   0.04161162230092
  (1 1 | 5 0) -> (2|15) -> (18) =   0.04161162230092
  (1 1 | 0 5) -> (2|5) -> (8) =   0.04161162230092
  (5 1 | 1 1) -> (16|2) -> (138) =   0.25888449088412
  (1 5 | 1 1) -> (6|2) -> (23) =   0.25888449088412
  (5 1 | 1 1) -> (16|2) -> (138) =   0.25888449088412
  (1 5 | 1 1) -> (6|2) -> (23) =   0.25888449088412
  (1 1 | 5 1) -> (2|16) -> (19) =   0.25888449088412
  (1 1 | 1 5) -> (2|6) -> (9) =   0.25888449088412
  (1 1 | 5 1) -> (2|16) -> (19) =   0.25888449088412
  (1 1 | 1 5) -> (2|6) -> (9) =   0.25888449088412
  (5 2 | 0 0) -> (17|0) -> (153) =   0.18353857502475
  (2 5 | 0 0) -> (8|0) -> (36) =   0.18353857502475
  (5 2 | 0 0) -> (17|0) -> (153) =   0.18353857502475
  (2 5 | 0 0) -> (8|0) -> (36) =   0.18353857502475
  (0 0 | 5 2) -> (0|17) -> (17) =   0.18353857502475
  (0 0 | 2 5) -> (0|8) -> (8) =   0.18353857502475
  (0 0 | 5 2) -> (0|17) -> (17) =   0.18353857502475
  (0 0 | 2 5) -> (0|8) -> (8) =   0.18353857502475
  (5 3 | 0 0) -> (18|0) -> (171) =   0.14339605057637
  (3 5 | 0 0) -> (11|0) -> (66) =   0.14339605057637
  (5 3 | 0 0) -> (18|0) -> (171) =   0.14339605057637
  (3 5 | 0 0) -> (11|0) -> (66) =   0.14339605057637
  (0 0 | 5 3) -> (0|18) -> (18) =   0.14339605057637
  (0 0 | 3 5) -> (0|11) -> (11) =   0.14339605057637
  (0 0 | 5 3) -> (0|18) -> (18) =   0.14339605057637
  (0 0 | 3 5) -> (0|11) -> (11) =   0.14339605057637
  (5 0 | 2 0) -> (15|3) -> (123) =   0.00080738515307
  (0 5 | 2 0) -> (5|3) -> (18) =   0.00080738515307
  (5 0 | 0 2) -> (15|2) -> (122) =   0.00080738515307
  (0 5 | 0 2) -> (5|2) -> (17) =   0.00080738515307
  (2 0 | 5 0) -> (3|15) -> (21) =   0.00080738515307
  (2 0 | 0 5) -> (3|5) -> (11) =   0.00080738515307
  (0 2 | 5 0) -> (2|15) -> (18) =   0.00080738515307
  (0 2 | 0 5) -> (2|5) -> (8) =   0.00080738515307
  (5 0 | 3 0) -> (15|6) -> (126) =   0.00063079841515
  (0 5 | 3 0) -> (5|6) -> (21) =   0.00063079841515
  (5 0 | 0 3) -> (15|3) -> (123) =   0.00063079841515
  (0 5 | 0 3) -> (5|3) -> (18) =   0.00063079841515
  (3 0 | 5 0) -> (6|15) -> (36) =   0.00063079841515
  (3 0 | 0 5) -> (6|5) -> (26) =   0.00063079841515
  (0 3 | 5 0) -> (3|15) -> (21) =   0.00063079841515
  (0 3 | 0 5) -> (3|5) -> (11) =   0.00063079841515
  (5 2 | 1 0) -> (17|1) -> (154) =   0.04319773764922
  (2 5 | 1 0) -> (8|1) -> (37) =   0.04319773764922
  (5 2 | 0 1) -> (17|1) -> (154) =   0.04319773764922
  (2 5 | 0 1) -> (8|1) -> (37) =   0.04319773764922
  (1 0 | 5 2) -> (1|17) -> (18) =   0.04319773764922
  (1 0 | 2 5) -> (1|8) -> (9) =   0.04319773764922
  (0 1 | 5 2) -> (1|17) -> (18) =   0.04319773764922
  (0 1 | 2 5) -> (1|8) -> (9) =   0.04319773764922
  (5 3 | 1 0) -> (18|1) -> (172) =   0.03374977152294
  (3 5 | 1 0) -> (11|1) -> (67) =   0.03374977152294
  (5 3 | 0 1) -> (18|1) -> (172) =   0.03374977152294
  (3 5 | 0 1) -> (11|1) -> (67) =   0.03374977152294
  (1 0 | 5 3) -> (1|18) -> (19) =   0.03374977152294
  (1 0 | 3 5) -> (1|11) -> (12) =   0.03374977152294
  (0 1 | 5 3) -> (1|18) -> (19) =   0.03374977152294
  (0 1 | 3 5) -> (1|11) -> (12) =   0.03374977152294
  (5 1 | 2 0) -> (16|3) -> (139) =   0.00431716334798
  (1 5 | 2 0) -> (6|3) -> (24) =   0.00431716334798
  (5 1 | 0 2) -> (16|2) -> (138) =   0.00431716334798
  (1 5 | 0 2) -> (6|2) -> (23) =   0.00431716334798
  (2 0 | 5 1) -> (3|16) -> (22) =   0.00431716334798
  (2 0 | 1 5) -> (3|6) -> (12) =   0.00431716334798
  (0 2 | 5 1) -> (2|16) -> (19) =   0.00431716334798
  (0 2 | 1 5) -> (2|6) -> (9) =   0.00431716334798
  (5 1 | 3 0) -> (16|6) -> (142) =   0.00337293767106
  (1 5 | 3 0) -> (6|6) -> (27) =   0.00337293767106
  (5 1 | 0 3) -> (16|3) -> (139) =   0.00337293767106
  (1 5 | 0 3) -> (6|3) -> (24) =   0.00337293767106
  (3 0 | 5 1) -> (6|16) -> (37) =   0.00337293767106
  (3 0 | 1 5) -> (6|6) -> (27) =   0.00337293767106
  (0 3 | 5 1) -> (3|16) -> (22) =   0.00337293767106
  (0 3 | 1 5) -> (3|6) -> (12) =   0.00337293767106
  (5 0 | 2 1) -> (15|4) -> (124) =   0.00151911302779
  (0 5 | 2 1) -> (5|4) -> (19) =   0.00151911302779
  (5 0 | 1 2) -> (15|3) -> (123) =   0.00151911302779
  (0 5 | 1 2) -> (5|3) -> (18) =   0.00151911302779
  (2 1 | 5 0) -> (4|15) -> (25) =   0.00151911302779
  (2 1 | 0 5) -> (4|5) -> (15) =   0.00151911302779
  (1 2 | 5 0) -> (3|15) -> (21) =   0.00151911302779
  (1 2 | 0 5) -> (3|5) -> (11) =   0.00151911302779
  (5 0 | 3 1) -> (15|7) -> (127) =   0.00118686117365
  (0 5 | 3 1) -> (5|7) -> (22) =   0.00118686117365
  (5 0 | 1 3) -> (15|4) -> (124) =   0.00118686117365
  (0 5 | 1 3) -> (5|4) -> (19) =   0.00118686117365
  (3 1 | 5 0) -> (7|15) -> (43) =   0.00118686117365
  (3 1 | 0 5) -> (7|5) -> (33) =   0.00118686117365
  (1 3 | 5 0) -> (4|15) -> (25) =   0.00118686117365
  (1 3 | 0 5) -> (4|5) -> (15) =   0.00118686117365
  (5 2 | 1 1) -> (17|2) -> (155) =   0.16391045416555
  (2 5 | 1 1) -> (8|2) -> (38) =   0.16391045416555
  (5 2 | 1 1) -> (17|2) -> (155) =   0.16391045416555
  (2 5 | 1 1) -> (8|2) -> (38) =   0.16391045416555
  (1 1 | 5 2) -> (2|17) -> (20) =   0.16391045416555
  (1 1 | 2 5) -> (2|8) -> (11) =   0.16391045416555
  (1 1 | 5 2) -> (2|17) -> (20) =   0.16391045416555
  (1 1 | 2 5) -> (2|8) -> (11) =   0.16391045416555
  (5 3 | 1 1) -> (18|2) -> (173) =   0.12806088187373
  (3 5 | 1 1) -> (11|2) -> (68) =   0.12806088187373
  (5 3 | 1 1) -> (18|2) -> (173) =   0.12806088187373
  (3 5 | 1 1) -> (11|2) -> (68) =   0.12806088187373
  (1 1 | 5 3) -> (2|18) -> (21) =   0.12806088187373
  (1 1 | 3 5) -> (2|11) -> (14) =   0.12806088187373
  (1 1 | 5 3) -> (2|18) -> (21) =   0.12806088187373
  (1 1 | 3 5) -> (2|11) -> (14) =   0.12806088187373
  (5 1 | 2 1) -> (16|4) -> (140) =   0.03377459090726
  (1 5 | 2 1) -> (6|4) -> (25) =   0.03377459090726
  (5 1 | 1 2) -> (16|3) -> (139) =   0.03377459090726
  (1 5 | 1 2) -> (6|3) -> (24) =   0.03377459090726
  (2 1 | 5 1) -> (4|16) -> (26) =   0.03377459090726
  (2 1 | 1 5) -> (4|6) -> (16) =   0.03377459090726
  (1 2 | 5 1) -> (3|16) -> (22) =   0.03377459090726
  (1 2 | 1 5) -> (3|6) -> (12) =   0.03377459090726
  (5 1 | 3 1) -> (16|7) -> (143) =   0.02638760241698
  (1 5 | 3 1) -> (6|7) -> (28) =   0.02638760241698
  (5 1 | 1 3) -> (16|4) -> (140) =   0.02638760241698
  (1 5 | 1 3) -> (6|4) -> (25) =   0.02638760241698
  (3 1 | 5 1) -> (7|16) -> (44) =   0.02638760241698
  (3 1 | 1 5) -> (7|6) -> (34) =   0.02638760241698
  (1 3 | 5 1) -> (4|16) -> (26) =   0.02638760241698
  (1 3 | 1 5) -> (4|6) -> (16) =   0.02638760241698
  (5 2 | 2 0) -> (17|3) -> (156) =   0.00964472945070
  (2 5 | 2 0) -> (8|3) -> (39) =   0.00964472945070
  (5 2 | 0 2) -> (17|2) -> (155) =   0.00964472945070
  (2 5 | 0 2) -> (8|2) -> (38) =   0.00964472945070
  (2 0 | 5 2) -> (3|17) -> (23) =   0.00964472945070
  (2 0 | 2 5) -> (3|8) -> (14) =   0.00964472945070
  (0 2 | 5 2) -> (2|17) -> (20) =   0.00964472945070
  (0 2 | 2 5) -> (2|8) -> (11) =   0.00964472945070
  (5 2 | 3 0) -> (17|6) -> (159) =   0.00174492087102
  (2 5 | 3 0) -> (8|6) -> (42) =   0.00174492087102
  (5 2 | 0 3) -> (17|3) -> (156) =   0.00174492087102
  (2 5 | 0 3) -> (8|3) -> (39) =   0.00174492087102
  (3 0 | 5 2) -> (6|17) -> (38) =   0.00174492087102
  (3 0 | 2 5) -> (6|8) -> (29) =   0.00174492087102
  (0 3 | 5 2) -> (3|17) -> (23) =   0.00174492087102
  (0 3 | 2 5) -> (3|8) -> (14) =   0.00174492087102
  (5 3 | 2 0) -> (18|3) -> (174) =   0.00174492087102
  (3 5 | 2 0) -> (11|3) -> (69) =   0.00174492087102
  (5 3 | 0 2) -> (18|2) -> (173) =   0.00174492087102
  (3 5 | 0 2) -> (11|2) -> (68) =   0.00174492087102
  (2 0 | 5 3) -> (3|18) -> (24) =   0.00174492087102
  (2 0 | 3 5) -> (3|11) -> (17) =   0.00174492087102
  (0 2 | 5 3) -> (2|18) -> (21) =   0.00174492087102
  (0 2 | 3 5) -> (2|11) -> (14) =   0.00174492087102
  (5 3 | 3 0) -> (18|6) -> (177) =   0.00877461417892
  (3 5 | 3 0) -> (11|6) -> (72) =   0.00877461417892
  (5 3 | 0 3) -> (18|3) -> (174) =   0.00877461417892
  (3 5 | 0 3) -> (11|3) -> (69) =   0.00877461417892
  (3 0 | 5 3) -> (6|18) -> (39) =   0.00877461417892
  (3 0 | 3 5) -> (6|11) -> (32) =   0.00877461417892
  (0 3 | 5 3) -> (3|18) -> (24) =   0.00877461417892
  (0 3 | 3 5) -> (3|11) -> (17) =   0.00877461417892
  (5 4 | 4 0) -> (19|10) -> (200) =   0.00741133258300
  (4 5 | 4 0) -> (15|10) -> (130) =   0.00741133258300
  (5 4 | 0 4) -> (19|4) -> (194) =   0.00741133258300
  (4 5 | 0 4) -> (15|4) -> (124) =   0.00741133258300
  (4 0 | 5 4) -> (10|19) -> (74) =   0.00741133258300
  (4 0 | 4 5) -> (10|15) -> (70) =   0.00741133258300
  (0 4 | 5 4) -> (4|19) -> (29) =   0.00741133258300
  (0 4 | 4 5) -> (4|15) -> (25) =   0.00741133258300
  (5 0 | 2 2) -> (15|5) -> (125) =   0.04168594504622
  (0 5 | 2 2) -> (5|5) -> (20) =   0.04168594504622
  (5 0 | 2 2) -> (15|5) -> (125) =   0.04168594504622
  (0 5 | 2 2) -> (5|5) -> (20) =   0.04168594504622
  (2 2 | 5 0) -> (5|15) -> (30) =   0.04168594504622
  (2 2 | 0 5) -> (5|5) -> (20) =   0.04168594504622
  (2 2 | 5 0) -> (5|15) -> (30) =   0.04168594504622
  (2 2 | 0 5) -> (5|5) -> (20) =   0.04168594504622
  (5 0 | 3 2) -> (15|8) -> (128) =   0.00012184871055
  (0 5 | 3 2) -> (5|8) -> (23) =   0.00012184871055
  (5 0 | 2 3) -> (15|6) -> (126) =   0.00012184871055
  (0 5 | 2 3) -> (5|6) -> (21) =   0.00012184871055
  (3 2 | 5 0) -> (8|15) -> (51) =   0.00012184871055
  (3 2 | 0 5) -> (8|5) -> (41) =   0.00012184871055
  (2 3 | 5 0) -> (6|15) -> (36) =   0.00012184871055
  (2 3 | 0 5) -> (6|5) -> (26) =   0.00012184871055
  (5 0 | 3 3) -> (15|9) -> (129) =   0.04162518445492
  (0 5 | 3 3) -> (5|9) -> (24) =   0.04162518445492
  (5 0 | 3 3) -> (15|9) -> (129) =   0.04162518445492
  (0 5 | 3 3) -> (5|9) -> (24) =   0.04162518445492
  (3 3 | 5 0) -> (9|15) -> (60) =   0.04162518445492
  (3 3 | 0 5) -> (9|5) -> (50) =   0.04162518445492
  (3 3 | 5 0) -> (9|15) -> (60) =   0.04162518445492
  (3 3 | 0 5) -> (9|5) -> (50) =   0.04162518445492
  (5 0 | 4 4) -> (15|14) -> (134) =   0.04152998580876
  (0 5 | 4 4) -> (5|14) -> (29) =   0.04152998580876
  (5 0 | 4 4) -> (15|14) -> (134) =   0.04152998580876
  (0 5 | 4 4) -> (5|14) -> (29) =   0.04152998580876
  (4 4 | 5 0) -> (14|15) -> (120) =   0.04152998580876
  (4 4 | 0 5) -> (14|5) -> (110) =   0.04152998580876
  (4 4 | 5 0) -> (14|15) -> (120) =   0.04152998580876
  (4 4 | 0 5) -> (14|5) -> (110) =   0.04152998580876
  (5 2 | 2 1) -> (17|4) -> (157) =   0.06401211867157
  (2 5 | 2 1) -> (8|4) -> (40) =   0.06401211867157
  (5 2 | 1 2) -> (17|3) -> (156) =   0.06401211867157
  (2 5 | 1 2) -> (8|3) -> (39) =   0.06401211867157
  (2 1 | 5 2) -> (4|17) -> (27) =   0.06401211867157
  (2 1 | 2 5) -> (4|8) -> (18) =   0.06401211867157
  (1 2 | 5 2) -> (3|17) -> (23) =   0.06401211867157
  (1 2 | 2 5) -> (3|8) -> (14) =   0.06401211867157
  (5 2 | 3 1) -> (17|7) -> (160) =   0.01570975684210
  (2 5 | 3 1) -> (8|7) -> (43) =   0.01570975684210
  (5 2 | 1 3) -> (17|4) -> (157) =   0.01570975684210
  (2 5 | 1 3) -> (8|4) -> (40) =   0.01570975684210
  (3 1 | 5 2) -> (7|17) -> (45) =   0.01570975684210
  (3 1 | 2 5) -> (7|8) -> (36) =   0.01570975684210
  (1 3 | 5 2) -> (4|17) -> (27) =   0.01570975684210
  (1 3 | 2 5) -> (4|8) -> (18) =   0.01570975684210
  (5 3 | 2 1) -> (18|4) -> (175) =   0.01570975684210
  (3 5 | 2 1) -> (11|4) -> (70) =   0.01570975684210
  (5 3 | 1 2) -> (18|3) -> (174) =   0.01570975684210
  (3 5 | 1 2) -> (11|3) -> (69) =   0.01570975684210
  (2 1 | 5 3) -> (4|18) -> (28) =   0.01570975684210
  (2 1 | 3 5) -> (4|11) -> (21) =   0.01570975684210
  (1 2 | 5 3) -> (3|18) -> (24) =   0.01570975684210
  (1 2 | 3 5) -> (3|11) -> (17) =   0.01570975684210
  (5 3 | 3 1) -> (18|7) -> (178) =   0.05617835407439
  (3 5 | 3 1) -> (11|7) -> (73) =   0.05617835407439
  (5 3 | 1 3) -> (18|4) -> (175) =   0.05617835407439
  (3 5 | 1 3) -> (11|4) -> (70) =   0.05617835407439
  (3 1 | 5 3) -> (7|18) -> (46) =   0.05617835407439
  (3 1 | 3 5) -> (7|11) -> (39) =   0.05617835407439
  (1 3 | 5 3) -> (4|18) -> (28) =   0.05617835407439
  (1 3 | 3 5) -> (4|11) -> (21) =   0.05617835407439
  (5 4 | 4 1) -> (19|11) -> (201) =   0.04390454685774
  (4 5 | 4 1) -> (15|11) -> (131) =   0.04390454685774
  (5 4 | 1 4) -> (19|5) -> (195) =   0.04390454685774
  (4 5 | 1 4) -> (15|5) -> (125) =   0.04390454685774
  (4 1 | 5 4) -> (11|19) -> (85) =   0.04390454685774
  (4 1 | 4 5) -> (11|15) -> (81) =   0.04390454685774
  (1 4 | 5 4) -> (5|19) -> (34) =   0.04390454685774
  (1 4 | 4 5) -> (5|15) -> (30) =   0.04390454685774
  (5 1 | 2 2) -> (16|5) -> (141) =   0.26263542216858
  (1 5 | 2 2) -> (6|5) -> (26) =   0.26263542216858
  (5 1 | 2 2) -> (16|5) -> (141) =   0.26263542216858
  (1 5 | 2 2) -> (6|5) -> (26) =   0.26263542216858
  (2 2 | 5 1) -> (5|16) -> (31) =   0.26263542216858
  (2 2 | 1 5) -> (5|6) -> (21) =   0.26263542216858
  (2 2 | 5 1) -> (5|16) -> (31) =   0.26263542216858
  (2 2 | 1 5) -> (5|6) -> (21) =   0.26263542216858
  (5 1 | 3 2) -> (16|8) -> (144) =   0.00646935550894
  (1 5 | 3 2) -> (6|8) -> (29) =   0.00646935550894
  (5 1 | 2 3) -> (16|6) -> (142) =   0.00646935550894
  (1 5 | 2 3) -> (6|6) -> (27) =   0.00646935550894
  (3 2 | 5 1) -> (8|16) -> (52) =   0.00646935550894
  (3 2 | 1 5) -> (8|6) -> (42) =   0.00646935550894
  (2 3 | 5 1) -> (6|16) -> (37) =   0.00646935550894
  (2 3 | 1 5) -> (6|6) -> (27) =   0.00646935550894
  (5 1 | 3 3) -> (16|9) -> (145) =   0.25940943919113
  (1 5 | 3 3) -> (6|9) -> (30) =   0.25940943919113
  (5 1 | 3 3) -> (16|9) -> (145) =   0.25940943919113
  (1 5 | 3 3) -> (6|9) -> (30) =   0.25940943919113
  (3 3 | 5 1) -> (9|16) -> (61) =   0.25940943919113
  (3 3 | 1 5) -> (9|6) -> (51) =   0.25940943919113
  (3 3 | 5 1) -> (9|16) -> (61) =   0.25940943919113
  (3 3 | 1 5) -> (9|6) -> (51) =   0.25940943919113
  (5 1 | 4 4) -> (16|14) -> (150) =   0.25435502471924
  (1 5 | 4 4) -> (6|14) -> (35) =   0.25435502471924
  (5 1 | 4 4) -> (16|14) -> (150) =   0.25435502471924
  (1 5 | 4 4) -> (6|14) -> (35) =   0.25435502471924
  (4 4 | 5 1) -> (14|16) -> (121) =   0.25435502471924
  (4 4 | 1 5) -> (14|6) -> (111) =   0.25435502471924
  (4 4 | 5 1) -> (14|16) -> (121) =   0.25435502471924
  (4 4 | 1 5) -> (14|6) -> (111) =   0.25435502471924
  (5 2 | 2 2) -> (17|5) -> (158) =   0.17536542769674
  (2 5 | 2 2) -> (8|5) -> (41) =   0.17536542769674
  (5 2 | 2 2) -> (17|5) -> (158) =   0.17536542769674
  (2 5 | 2 2) -> (8|5) -> (41) =   0.17536542769674
  (2 2 | 5 2) -> (5|17) -> (32) =   0.17536542769674
  (2 2 | 2 5) -> (5|8) -> (23) =   0.17536542769674
  (2 2 | 5 2) -> (5|17) -> (32) =   0.17536542769674
  (2 2 | 2 5) -> (5|8) -> (23) =   0.17536542769674
  (5 2 | 3 2) -> (17|8) -> (161) =   0.00928275576284
  (2 5 | 3 2) -> (8|8) -> (44) =   0.00928275576284
  (5 2 | 2 3) -> (17|6) -> (159) =   0.00928275576284
  (2 5 | 2 3) -> (8|6) -> (42) =   0.00928275576284
  (3 2 | 5 2) -> (8|17) -> (53) =   0.00928275576284
  (3 2 | 2 5) -> (8|8) -> (44) =   0.00928275576284
  (2 3 | 5 2) -> (6|17) -> (38) =   0.00928275576284
  (2 3 | 2 5) -> (6|8) -> (29) =   0.00928275576284
  (5 2 | 3 3) -> (17|9) -> (162) =   0.15960620012356
  (2 5 | 3 3) -> (8|9) -> (45) =   0.15960620012356
  (5 2 | 3 3) -> (17|9) -> (162) =   0.15960620012356
  (2 5 | 3 3) -> (8|9) -> (45) =   0.15960620012356
  (3 3 | 5 2) -> (9|17) -> (62) =   0.15960620012356
  (3 3 | 2 5) -> (9|8) -> (53) =   0.15960620012356
  (3 3 | 5 2) -> (9|17) -> (62) =   0.15960620012356
  (3 3 | 2 5) -> (9|8) -> (53) =   0.15960620012356
  (5 2 | 4 4) -> (17|14) -> (167) =   0.15657254456156
  (2 5 | 4 4) -> (8|14) -> (50) =   0.15657254456156
  (5 2 | 4 4) -> (17|14) -> (167) =   0.15657254456156
  (2 5 | 4 4) -> (8|14) -> (50) =   0.15657254456156
  (4 4 | 5 2) -> (14|17) -> (122) =   0.15657254456156
  (4 4 | 2 5) -> (14|8) -> (113) =   0.15657254456156
  (4 4 | 5 2) -> (14|17) -> (122) =   0.15657254456156
  (4 4 | 2 5) -> (14|8) -> (113) =   0.15657254456156
  (5 3 | 2 2) -> (18|5) -> (176) =   0.12621078062306
  (3 5 | 2 2) -> (11|5) -> (71) =   0.12621078062306
  (5 3 | 2 2) -> (18|5) -> (176) =   0.12621078062306
  (3 5 | 2 2) -> (11|5) -> (71) =   0.12621078062306
  (2 2 | 5 3) -> (5|18) -> (33) =   0.12621078062306
  (2 2 | 3 5) -> (5|11) -> (26) =   0.12621078062306
  (2 2 | 5 3) -> (5|18) -> (33) =   0.12621078062306
  (2 2 | 3 5) -> (5|11) -> (26) =   0.12621078062306
  (5 3 | 3 2) -> (18|8) -> (179) =   0.00994515313484
  (3 5 | 3 2) -> (11|8) -> (74) =   0.00994515313484
  (5 3 | 2 3) -> (18|6) -> (177) =   0.00994515313484
  (3 5 | 2 3) -> (11|6) -> (72) =   0.00994515313484
  (3 2 | 5 3) -> (8|18) -> (54) =   0.00994515313484
  (3 2 | 3 5) -> (8|11) -> (47) =   0.00994515313484
  (2 3 | 5 3) -> (6|18) -> (39) =   0.00994515313484
  (2 3 | 3 5) -> (6|11) -> (32) =   0.00994515313484
  (5 3 | 3 3) -> (18|9) -> (180) =   0.13549773748050
  (3 5 | 3 3) -> (11|9) -> (75) =   0.13549773748050
  (5 3 | 3 3) -> (18|9) -> (180) =   0.13549773748050
  (3 5 | 3 3) -> (11|9) -> (75) =   0.13549773748050
  (3 3 | 5 3) -> (9|18) -> (63) =   0.13549773748050
  (3 3 | 3 5) -> (9|11) -> (56) =   0.13549773748050
  (3 3 | 5 3) -> (9|18) -> (63) =   0.13549773748050
  (3 3 | 3 5) -> (9|11) -> (56) =   0.13549773748050
  (5 3 | 4 4) -> (18|14) -> (185) =   0.12232787857153
  (3 5 | 4 4) -> (11|14) -> (80) =   0.12232787857153
  (5 3 | 4 4) -> (18|14) -> (185) =   0.12232787857153
  (3 5 | 4 4) -> (11|14) -> (80) =   0.12232787857153
  (4 4 | 5 3) -> (14|18) -> (123) =   0.12232787857153
  (4 4 | 3 5) -> (14|11) -> (116) =   0.12232787857153
  (4 4 | 5 3) -> (14|18) -> (123) =   0.12232787857153
  (4 4 | 3 5) -> (14|11) -> (116) =   0.12232787857153
  (5 4 | 4 2) -> (19|12) -> (202) =   0.00691149757285
  (4 5 | 4 2) -> (15|12) -> (132) =   0.00691149757285
  (5 4 | 2 4) -> (19|7) -> (197) =   0.00691149757285
  (4 5 | 2 4) -> (15|7) -> (127) =   0.00691149757285
  (4 2 | 5 4) -> (12|19) -> (97) =   0.00691149757285
  (4 2 | 4 5) -> (12|15) -> (93) =   0.00691149757285
  (2 4 | 5 4) -> (7|19) -> (47) =   0.00691149757285
  (2 4 | 4 5) -> (7|15) -> (43) =   0.00691149757285
  (5 4 | 4 3) -> (19|13) -> (203) =   0.00539985371130
  (4 5 | 4 3) -> (15|13) -> (133) =   0.00539985371130
  (5 4 | 3 4) -> (19|10) -> (200) =   0.00539985371130
  (4 5 | 3 4) -> (15|10) -> (130) =   0.00539985371130
  (4 3 | 5 4) -> (13|19) -> (110) =   0.00539985371130
  (4 3 | 4 5) -> (13|15) -> (106) =   0.00539985371130
  (3 4 | 5 4) -> (10|19) -> (74) =   0.00539985371130
  (3 4 | 4 5) -> (10|15) -> (70) =   0.00539985371130
  (5 5 | 0 0) -> (20|0) -> (210) =   0.47072332636878
  (5 5 | 0 0) -> (20|0) -> (210) =   0.47072332636878
  (5 5 | 0 0) -> (20|0) -> (210) =   0.47072332636878
  (5 5 | 0 0) -> (20|0) -> (210) =   0.47072332636878
  (0 0 | 5 5) -> (0|20) -> (20) =   0.47072332636878
  (0 0 | 5 5) -> (0|20) -> (20) =   0.47072332636878
  (0 0 | 5 5) -> (0|20) -> (20) =   0.47072332636878
  (0 0 | 5 5) -> (0|20) -> (20) =   0.47072332636878
  (5 0 | 5 0) -> (15|15) -> (135) =   0.00368310796008
  (0 5 | 5 0) -> (5|15) -> (30) =   0.00368310796008
  (5 0 | 0 5) -> (15|5) -> (125) =   0.00368310796008
  (0 5 | 0 5) -> (5|5) -> (20) =   0.00368310796008
  (5 0 | 5 0) -> (15|15) -> (135) =   0.00368310796008
  (5 0 | 0 5) -> (15|5) -> (125) =   0.00368310796008
  (0 5 | 5 0) -> (5|15) -> (30) =   0.00368310796008
  (0 5 | 0 5) -> (5|5) -> (20) =   0.00368310796008
  (5 5 | 1 0) -> (20|1) -> (211) =   0.11119180691162
  (5 5 | 1 0) -> (20|1) -> (211) =   0.11119180691162
  (5 5 | 0 1) -> (20|1) -> (211) =   0.11119180691162
  (5 5 | 0 1) -> (20|1) -> (211) =   0.11119180691162
  (1 0 | 5 5) -> (1|20) -> (21) =   0.11119180691162
  (1 0 | 5 5) -> (1|20) -> (21) =   0.11119180691162
  (0 1 | 5 5) -> (1|20) -> (21) =   0.11119180691162
  (0 1 | 5 5) -> (1|20) -> (21) =   0.11119180691162
  (5 1 | 5 0) -> (16|15) -> (151) =   0.01212161742175
  (1 5 | 5 0) -> (6|15) -> (36) =   0.01212161742175
  (5 1 | 0 5) -> (16|5) -> (141) =   0.01212161742175
  (1 5 | 0 5) -> (6|5) -> (26) =   0.01212161742175
  (5 0 | 5 1) -> (15|16) -> (136) =   0.01212161742175
  (5 0 | 1 5) -> (15|6) -> (126) =   0.01212161742175
  (0 5 | 5 1) -> (5|16) -> (31) =   0.01212161742175
  (0 5 | 1 5) -> (5|6) -> (21) =   0.01212161742175
  (5 5 | 1 1) -> (20|2) -> (212) =   0.45466066225483
  (5 5 | 1 1) -> (20|2) -> (212) =   0.45466066225483
  (5 5 | 1 1) -> (20|2) -> (212) =   0.45466066225483
  (5 5 | 1 1) -> (20|2) -> (212) =   0.45466066225483
  (1 1 | 5 5) -> (2|20) -> (23) =   0.45466066225483
  (1 1 | 5 5) -> (2|20) -> (23) =   0.45466066225483
  (1 1 | 5 5) -> (2|20) -> (23) =   0.45466066225483
  (1 1 | 5 5) -> (2|20) -> (23) =   0.45466066225483
  (5 1 | 5 1) -> (16|16) -> (152) =   0.10381656102043
  (1 5 | 5 1) -> (6|16) -> (37) =   0.10381656102043
  (5 1 | 1 5) -> (16|6) -> (142) =   0.10381656102043
  (1 5 | 1 5) -> (6|6) -> (27) =   0.10381656102043
  (5 1 | 5 1) -> (16|16) -> (152) =   0.10381656102043
  (5 1 | 1 5) -> (16|6) -> (142) =   0.10381656102043
  (1 5 | 5 1) -> (6|16) -> (37) =   0.10381656102043
  (1 5 | 1 5) -> (6|6) -> (27) =   0.10381656102043
  (5 5 | 2 0) -> (20|3) -> (213) =   0.00811542969563
  (5 5 | 2 0) -> (20|3) -> (213) =   0.00811542969563
  (5 5 | 0 2) -> (20|2) -> (212) =   0.00811542969563
  (5 5 | 0 2) -> (20|2) -> (212) =   0.00811542969563
  (2 0 | 5 5) -> (3|20) -> (26) =   0.00811542969563
  (2 0 | 5 5) -> (3|20) -> (26) =   0.00811542969563
  (0 2 | 5 5) -> (2|20) -> (23) =   0.00811542969563
  (0 2 | 5 5) -> (2|20) -> (23) =   0.00811542969563
  (5 5 | 3 0) -> (20|6) -> (216) =   0.00634046857412
  (5 5 | 3 0) -> (20|6) -> (216) =   0.00634046857412
  (5 5 | 0 3) -> (20|3) -> (213) =   0.00634046857412
  (5 5 | 0 3) -> (20|3) -> (213) =   0.00634046857412
  (3 0 | 5 5) -> (6|20) -> (41) =   0.00634046857412
  (3 0 | 5 5) -> (6|20) -> (41) =   0.00634046857412
  (0 3 | 5 5) -> (3|20) -> (26) =   0.00634046857412
  (0 3 | 5 5) -> (3|20) -> (26) =   0.00634046857412
  (5 2 | 5 0) -> (17|15) -> (168) =   0.00748764164977
  (2 5 | 5 0) -> (8|15) -> (51) =   0.00748764164977
  (5 2 | 0 5) -> (17|5) -> (158) =   0.00748764164977
  (2 5 | 0 5) -> (8|5) -> (41) =   0.00748764164977
  (5 0 | 5 2) -> (15|17) -> (137) =   0.00748764164977
  (5 0 | 2 5) -> (15|8) -> (128) =   0.00748764164977
  (0 5 | 5 2) -> (5|17) -> (32) =   0.00748764164977
  (0 5 | 2 5) -> (5|8) -> (23) =   0.00748764164977
  (5 3 | 5 0) -> (18|15) -> (186) =   0.00584998679740
  (3 5 | 5 0) -> (11|15) -> (81) =   0.00584998679740
  (5 3 | 0 5) -> (18|5) -> (176) =   0.00584998679740
  (3 5 | 0 5) -> (11|5) -> (71) =   0.00584998679740
  (5 0 | 5 3) -> (15|18) -> (138) =   0.00584998679740
  (5 0 | 3 5) -> (15|11) -> (131) =   0.00584998679740
  (0 5 | 5 3) -> (5|18) -> (33) =   0.00584998679740
  (0 5 | 3 5) -> (5|11) -> (26) =   0.00584998679740
  (5 5 | 2 1) -> (20|4) -> (214) =   0.08885024014748
  (5 5 | 2 1) -> (20|4) -> (214) =   0.08885024014748
  (5 5 | 1 2) -> (20|3) -> (213) =   0.08885024014748
  (5 5 | 1 2) -> (20|3) -> (213) =   0.08885024014748
  (2 1 | 5 5) -> (4|20) -> (30) =   0.08885024014748
  (2 1 | 5 5) -> (4|20) -> (30) =   0.08885024014748
  (1 2 | 5 5) -> (3|20) -> (26) =   0.08885024014748
  (1 2 | 5 5) -> (3|20) -> (26) =   0.08885024014748
  (5 5 | 3 1) -> (20|7) -> (217) =   0.06941741553890
  (5 5 | 3 1) -> (20|7) -> (217) =   0.06941741553890
  (5 5 | 1 3) -> (20|4) -> (214) =   0.06941741553890
  (5 5 | 1 3) -> (20|4) -> (214) =   0.06941741553890
  (3 1 | 5 5) -> (7|20) -> (48) =   0.06941741553890
  (3 1 | 5 5) -> (7|20) -> (48) =   0.06941741553890
  (1 3 | 5 5) -> (4|20) -> (30) =   0.06941741553890
  (1 3 | 5 5) -> (4|20) -> (30) =   0.06941741553890
  (5 2 | 5 1) -> (17|16) -> (169) =   0.07987622207278
  (2 5 | 5 1) -> (8|16) -> (52) =   0.07987622207278
  (5 2 | 1 5) -> (17|6) -> (159) =   0.07987622207278
  (2 5 | 1 5) -> (8|6) -> (42) =   0.07987622207278
  (5 1 | 5 2) -> (16|17) -> (153) =   0.07987622207278
  (5 1 | 2 5) -> (16|8) -> (144) =   0.07987622207278
  (1 5 | 5 2) -> (6|17) -> (38) =   0.07987622207278
  (1 5 | 2 5) -> (6|8) -> (29) =   0.07987622207278
  (5 3 | 5 1) -> (18|16) -> (187) =   0.06240614420512
  (3 5 | 5 1) -> (11|16) -> (82) =   0.06240614420512
  (5 3 | 1 5) -> (18|6) -> (177) =   0.06240614420512
  (3 5 | 1 5) -> (11|6) -> (72) =   0.06240614420512
  (5 1 | 5 3) -> (16|18) -> (154) =   0.06240614420512
  (5 1 | 3 5) -> (16|11) -> (147) =   0.06240614420512
  (1 5 | 5 3) -> (6|18) -> (39) =   0.06240614420512
  (1 5 | 3 5) -> (6|11) -> (32) =   0.06240614420512
  (5 5 | 2 2) -> (20|5) -> (215) =   0.46976210352871
  (5 5 | 2 2) -> (20|5) -> (215) =   0.46976210352871
  (5 5 | 2 2) -> (20|5) -> (215) =   0.46976210352871
  (5 5 | 2 2) -> (20|5) -> (215) =   0.46976210352871
  (2 2 | 5 5) -> (5|20) -> (35) =   0.46976210352871
  (2 2 | 5 5) -> (5|20) -> (35) =   0.46976210352871
  (2 2 | 5 5) -> (5|20) -> (35) =   0.46976210352871
  (2 2 | 5 5) -> (5|20) -> (35) =   0.46976210352871
  (5 5 | 3 2) -> (20|8) -> (218) =   0.02579171679140
  (5 5 | 3 2) -> (20|8) -> (218) =   0.02579171679140
  (5 5 | 2 3) -> (20|6) -> (216) =   0.02579171679140
  (5 5 | 2 3) -> (20|6) -> (216) =   0.02579171679140
  (3 2 | 5 5) -> (8|20) -> (56) =   0.02579171679140
  (3 2 | 5 5) -> (8|20) -> (56) =   0.02579171679140
  (2 3 | 5 5) -> (6|20) -> (41) =   0.02579171679140
  (2 3 | 5 5) -> (6|20) -> (41) =   0.02579171679140
  (5 5 | 3 3) -> (20|9) -> (219) =   0.45690090905372
  (5 5 | 3 3) -> (20|9) -> (219) =   0.45690090905372
  (5 5 | 3 3) -> (20|9) -> (219) =   0.45690090905372
  (5 5 | 3 3) -> (20|9) -> (219) =   0.45690090905372
  (3 3 | 5 5) -> (9|20) -> (65) =   0.45690090905372
  (3 3 | 5 5) -> (9|20) -> (65) =   0.45690090905372
  (3 3 | 5 5) -> (9|20) -> (65) =   0.45690090905372
  (3 3 | 5 5) -> (9|20) -> (65) =   0.45690090905372
  (5 5 | 4 4) -> (20|14) -> (224) =   0.43675021144167
  (5 5 | 4 4) -> (20|14) -> (224) =   0.43675021144167
  (5 5 | 4 4) -> (20|14) -> (224) =   0.43675021144167
  (5 5 | 4 4) -> (20|14) -> (224) =   0.43675021144167
  (4 4 | 5 5) -> (14|20) -> (125) =   0.43675021144167
  (4 4 | 5 5) -> (14|20) -> (125) =   0.43675021144167
  (4 4 | 5 5) -> (14|20) -> (125) =   0.43675021144167
  (4 4 | 5 5) -> (14|20) -> (125) =   0.43675021144167
  (5 2 | 5 2) -> (17|17) -> (170) =   0.07510321764035
  (2 5 | 5 2) -> (8|17) -> (53) =   0.07510321764035
  (5 2 | 2 5) -> (17|8) -> (161) =   0.07510321764035
  (2 5 | 2 5) -> (8|8) -> (44) =   0.07510321764035
  (5 2 | 5 2) -> (17|17) -> (170) =   0.07510321764035
  (5 2 | 2 5) -> (17|8) -> (161) =   0.07510321764035
  (2 5 | 5 2) -> (8|17) -> (53) =   0.07510321764035
  (2 5 | 2 5) -> (8|8) -> (44) =   0.07510321764035
  (5 3 | 5 2) -> (18|17) -> (188) =   0.04746039928508
  (3 5 | 5 2) -> (11|17) -> (83) =   0.04746039928508
  (5 3 | 2 5) -> (18|8) -> (179) =   0.04746039928508
  (3 5 | 2 5) -> (11|8) -> (74) =   0.04746039928508
  (5 2 | 5 3) -> (17|18) -> (171) =   0.04746039928508
  (5 2 | 3 5) -> (17|11) -> (164) =   0.04746039928508
  (2 5 | 5 3) -> (8|18) -> (54) =   0.04746039928508
  (2 5 | 3 5) -> (8|11) -> (47) =   0.04746039928508
  (5 3 | 5 3) -> (18|18) -> (189) =   0.05143680450457
  (3 5 | 5 3) -> (11|18) -> (84) =   0.05143680450457
  (5 3 | 3 5) -> (18|11) -> (182) =   0.05143680450457
  (3 5 | 3 5) -> (11|11) -> (77) =   0.05143680450457
  (5 3 | 5 3) -> (18|18) -> (189) =   0.05143680450457
  (5 3 | 3 5) -> (18|11) -> (182) =   0.05143680450457
  (3 5 | 5 3) -> (11|18) -> (84) =   0.05143680450457
  (3 5 | 3 5) -> (11|11) -> (77) =   0.05143680450457
  (5 4 | 5 4) -> (19|19) -> (209) =   0.01435667671487
  (4 5 | 5 4) -> (15|19) -> (139) =   0.01435667671487
  (5 4 | 4 5) -> (19|15) -> (205) =   0.01435667671487
  (4 5 | 4 5) -> (15|15) -> (135) =   0.01435667671487
  (5 4 | 5 4) -> (19|19) -> (209) =   0.01435667671487
  (5 4 | 4 5) -> (19|15) -> (205) =   0.01435667671487
  (4 5 | 5 4) -> (15|19) -> (139) =   0.01435667671487
  (4 5 | 4 5) -> (15|15) -> (135) =   0.01435667671487
  (5 5 | 5 0) -> (20|15) -> (225) =   0.01864108537995
  (5 5 | 5 0) -> (20|15) -> (225) =   0.01864108537995
  (5 5 | 0 5) -> (20|5) -> (215) =   0.01864108537995
  (5 5 | 0 5) -> (20|5) -> (215) =   0.01864108537995
  (5 0 | 5 5) -> (15|20) -> (140) =   0.01864108537995
  (5 0 | 5 5) -> (15|20) -> (140) =   0.01864108537995
  (0 5 | 5 5) -> (5|20) -> (35) =   0.01864108537995
  (0 5 | 5 5) -> (5|20) -> (35) =   0.01864108537995
  (5 5 | 5 1) -> (20|16) -> (226) =   0.23542095094144
  (5 5 | 5 1) -> (20|16) -> (226) =   0.23542095094144
  (5 5 | 1 5) -> (20|6) -> (216) =   0.23542095094144
  (5 5 | 1 5) -> (20|6) -> (216) =   0.23542095094144
  (5 1 | 5 5) -> (16|20) -> (156) =   0.23542095094144
  (5 1 | 5 5) -> (16|20) -> (156) =   0.23542095094144
  (1 5 | 5 5) -> (6|20) -> (41) =   0.23542095094144
  (1 5 | 5 5) -> (6|20) -> (41) =   0.23542095094144
  (5 5 | 5 2) -> (20|17) -> (227) =   0.20669004248856
  (5 5 | 5 2) -> (20|17) -> (227) =   0.20669004248856
  (5 5 | 2 5) -> (20|8) -> (218) =   0.20669004248856
  (5 5 | 2 5) -> (20|8) -> (218) =   0.20669004248856
  (5 2 | 5 5) -> (17|20) -> (173) =   0.20669004248856
  (5 2 | 5 5) -> (17|20) -> (173) =   0.20669004248856
  (2 5 | 5 5) -> (8|20) -> (56) =   0.20669004248856
  (2 5 | 5 5) -> (8|20) -> (56) =   0.20669004248856
  (5 5 | 5 3) -> (20|18) -> (228) =   0.16148395933837
  (5 5 | 5 3) -> (20|18) -> (228) =   0.16148395933837
  (5 5 | 3 5) -> (20|11) -> (221) =   0.16148395933837
  (5 5 | 3 5) -> (20|11) -> (221) =   0.16148395933837
  (5 3 | 5 5) -> (18|20) -> (191) =   0.16148395933837
  (5 3 | 5 5) -> (18|20) -> (191) =   0.16148395933837
  (3 5 | 5 5) -> (11|20) -> (86) =   0.16148395933837
  (3 5 | 5 5) -> (11|20) -> (86) =   0.16148395933837
  (5 5 | 5 5) -> (20|20) -> (230) =   0.77460594391990
  (5 5 | 5 5) -> (20|20) -> (230) =   0.77460594391990
  (5 5 | 5 5) -> (20|20) -> (230) =   0.77460594391990
  (5 5 | 5 5) -> (20|20) -> (230) =   0.77460594391990
  (5 5 | 5 5) -> (20|20) -> (230) =   0.77460594391990
  (5 5 | 5 5) -> (20|20) -> (230) =   0.77460594391990
  (5 5 | 5 5) -> (20|20) -> (230) =   0.77460594391990
  (5 5 | 5 5) -> (20|20) -> (230) =   0.77460594391990
  (6 0 | 0 0) -> (21|0) -> (231) =   0.12178534941681
  (0 6 | 0 0) -> (6|0) -> (21) =   0.12178534941681
  (6 0 | 0 0) -> (21|0) -> (231) =   0.12178534941681
  (0 6 | 0 0) -> (6|0) -> (21) =   0.12178534941681
  (0 0 | 6 0) -> (0|21) -> (21) =   0.12178534941681
  (0 0 | 0 6) -> (0|6) -> (6) =   0.12178534941681
  (0 0 | 6 0) -> (0|21) -> (21) =   0.12178534941681
  (0 0 | 0 6) -> (0|6) -> (6) =   0.12178534941681
  (6 1 | 0 0) -> (22|0) -> (253) =   0.31333413320385
  (1 6 | 0 0) -> (7|0) -> (28) =   0.31333413320385
  (6 1 | 0 0) -> (22|0) -> (253) =   0.31333413320385
  (1 6 | 0 0) -> (7|0) -> (28) =   0.31333413320385
  (0 0 | 6 1) -> (0|22) -> (22) =   0.31333413320385
  (0 0 | 1 6) -> (0|7) -> (7) =   0.31333413320385
  (0 0 | 6 1) -> (0|22) -> (22) =   0.31333413320385
  (0 0 | 1 6) -> (0|7) -> (7) =   0.31333413320385
  (6 0 | 1 0) -> (21|1) -> (232) =   0.02230923606265
  (0 6 | 1 0) -> (6|1) -> (22) =   0.02230923606265
  (6 0 | 0 1) -> (21|1) -> (232) =   0.02230923606265
  (0 6 | 0 1) -> (6|1) -> (22) =   0.02230923606265
  (1 0 | 6 0) -> (1|21) -> (22) =   0.02230923606265
  (1 0 | 0 6) -> (1|6) -> (7) =   0.02230923606265
  (0 1 | 6 0) -> (1|21) -> (22) =   0.02230923606265
  (0 1 | 0 6) -> (1|6) -> (7) =   0.02230923606265
  (6 1 | 1 0) -> (22|1) -> (254) =   0.07284010950806
  (1 6 | 1 0) -> (7|1) -> (29) =   0.07284010950806
  (6 1 | 0 1) -> (22|1) -> (254) =   0.07284010950806
  (1 6 | 0 1) -> (7|1) -> (29) =   0.07284010950806
  (1 0 | 6 1) -> (1|22) -> (23) =   0.07284010950806
  (1 0 | 1 6) -> (1|7) -> (8) =   0.07284010950806
  (0 1 | 6 1) -> (1|22) -> (23) =   0.07284010950806
  (0 1 | 1 6) -> (1|7) -> (8) =   0.07284010950806
  (6 0 | 1 1) -> (21|2) -> (233) =   0.04161162230092
  (0 6 | 1 1) -> (6|2) -> (23) =   0.04161162230092
  (6 0 | 1 1) -> (21|2) -> (233) =   0.04161162230092
  (0 6 | 1 1) -> (6|2) -> (23) =   0.04161162230092
  (1 1 | 6 0) -> (2|21) -> (24) =   0.04161162230092
  (1 1 | 0 6) -> (2|6) -> (9) =   0.04161162230092
  (1 1 | 6 0) -> (2|21) -> (24) =   0.04161162230092
  (1 1 | 0 6) -> (2|6) -> (9) =   0.04161162230092
  (6 1 | 1 1) -> (22|2) -> (255) =   0.25888449088412
  (1 6 | 1 1) -> (7|2) -> (30) =   0.25888449088412
  (6 1 | 1 1) -> (22|2) -> (255) =   0.25888449088412
  (1 6 | 1 1) -> (7|2) -> (30) =   0.25888449088412
  (1 1 | 6 1) -> (2|22) -> (25) =   0.25888449088412
  (1 1 | 1 6) -> (2|7) -> (10) =   0.25888449088412
  (1 1 | 6 1) -> (2|22) -> (25) =   0.25888449088412
  (1 1 | 1 6) -> (2|7) -> (10) =   0.25888449088412
  (6 2 | 0 0) -> (23|0) -> (276) =  -0.18353857502475
  (2 6 | 0 0) -> (9|0) -> (45) =  -0.18353857502475
  (6 2 | 0 0) -> (23|0) -> (276) =  -0.18353857502475
  (2 6 | 0 0) -> (9|0) -> (45) =  -0.18353857502475
  (0 0 | 6 2) -> (0|23) -> (23) =  -0.18353857502475
  (0 0 | 2 6) -> (0|9) -> (9) =  -0.18353857502475
  (0 0 | 6 2) -> (0|23) -> (23) =  -0.18353857502475
  (0 0 | 2 6) -> (0|9) -> (9) =  -0.18353857502475
  (6 3 | 0 0) -> (24|0) -> (300) =   0.14339605057637
  (3 6 | 0 0) -> (12|0) -> (78) =   0.14339605057637
  (6 3 | 0 0) -> (24|0) -> (300) =   0.14339605057637
  (3 6 | 0 0) -> (12|0) -> (78) =   0.14339605057637
  (0 0 | 6 3) -> (0|24) -> (24) =   0.14339605057637
  (0 0 | 3 6) -> (0|12) -> (12) =   0.14339605057637
  (0 0 | 6 3) -> (0|24) -> (24) =   0.14339605057637
  (0 0 | 3 6) -> (0|12) -> (12) =   0.14339605057637
  (6 0 | 2 0) -> (21|3) -> (234) =  -0.00080738515307
  (0 6 | 2 0) -> (6|3) -> (24) =  -0.00080738515307
  (6 0 | 0 2) -> (21|2) -> (233) =  -0.00080738515307
  (0 6 | 0 2) -> (6|2) -> (23) =  -0.00080738515307
  (2 0 | 6 0) -> (3|21) -> (27) =  -0.00080738515307
  (2 0 | 0 6) -> (3|6) -> (12) =  -0.00080738515307
  (0 2 | 6 0) -> (2|21) -> (24) =  -0.00080738515307
  (0 2 | 0 6) -> (2|6) -> (9) =  -0.00080738515307
  (6 0 | 3 0) -> (21|6) -> (237) =   0.00063079841515
  (0 6 | 3 0) -> (6|6) -> (27) =   0.00063079841515
  (6 0 | 0 3) -> (21|3) -> (234) =   0.00063079841515
  (0 6 | 0 3) -> (6|3) -> (24) =   0.00063079841515
  (3 0 | 6 0) -> (6|21) -> (42) =   0.00063079841515
  (3 0 | 0 6) -> (6|6) -> (27) =   0.00063079841515
  (0 3 | 6 0) -> (3|21) -> (27) =   0.00063079841515
  (0 3 | 0 6) -> (3|6) -> (12) =   0.00063079841515
  (6 2 | 1 0) -> (23|1) -> (277) =  -0.04319773764922
  (2 6 | 1 0) -> (9|1) -> (46) =  -0.04319773764922
  (6 2 | 0 1) -> (23|1) -> (277) =  -0.04319773764922
  (2 6 | 0 1) -> (9|1) -> (46) =  -0.04319773764922
  (1 0 | 6 2) -> (1|23) -> (24) =  -0.04319773764922
  (1 0 | 2 6) -> (1|9) -> (10) =  -0.04319773764922
  (0 1 | 6 2) -> (1|23) -> (24) =  -0.04319773764922
  (0 1 | 2 6) -> (1|9) -> (10) =  -0.04319773764922
  (6 3 | 1 0) -> (24|1) -> (301) =   0.03374977152294
  (3 6 | 1 0) -> (12|1) -> (79) =   0.03374977152294
  (6 3 | 0 1) -> (24|1) -> (301) =   0.03374977152294
  (3 6 | 0 1) -> (12|1) -> (79) =   0.03374977152294
  (1 0 | 6 3) -> (1|24) -> (25) =   0.03374977152294
  (1 0 | 3 6) -> (1|12) -> (13) =   0.03374977152294
  (0 1 | 6 3) -> (1|24) -> (25) =   0.03374977152294
  (0 1 | 3 6) -> (1|12) -> (13) =   0.03374977152294
  (6 1 | 2 0) -> (22|3) -> (256) =  -0.00431716334798
  (1 6 | 2 0) -> (7|3) -> (31) =  -0.00431716334798
  (6 1 | 0 2) -> (22|2) -> (255) =  -0.00431716334798
  (1 6 | 0 2) -> (7|2) -> (30) =  -0.00431716334798
  (2 0 | 6 1) -> (3|22) -> (28) =  -0.00431716334798
  (2 0 | 1 6) -> (3|7) -> (13) =  -0.00431716334798
  (0 2 | 6 1) -> (2|22) -> (25) =  -0.00431716334798
  (0 2 | 1 6) -> (2|7) -> (10) =  -0.00431716334798
  (6 1 | 3 0) -> (22|6) -> (259) =   0.00337293767106
  (1 6 | 3 0) -> (7|6) -> (34) =   0.00337293767106
  (6 1 | 0 3) -> (22|3) -> (256) =   0.00337293767106
  (1 6 | 0 3) -> (7|3) -> (31) =   0.00337293767106
  (3 0 | 6 1) -> (6|22) -> (43) =   0.00337293767106
  (3 0 | 1 6) -> (6|7) -> (28) =   0.00337293767106
  (0 3 | 6 1) -> (3|22) -> (28) =   0.00337293767106
  (0 3 | 1 6) -> (3|7) -> (13) =   0.00337293767106
  (6 0 | 2 1) -> (21|4) -> (235) =  -0.00151911302779
  (0 6 | 2 1) -> (6|4) -> (25) =  -0.00151911302779
  (6 0 | 1 2) -> (21|3) -> (234) =  -0.00151911302779
  (0 6 | 1 2) -> (6|3) -> (24) =  -0.00151911302779
  (2 1 | 6 0) -> (4|21) -> (31) =  -0.00151911302779
  (2 1 | 0 6) -> (4|6) -> (16) =  -0.00151911302779
  (1 2 | 6 0) -> (3|21) -> (27) =  -0.00151911302779
  (1 2 | 0 6) -> (3|6) -> (12) =  -0.00151911302779
  (6 0 | 3 1) -> (21|7) -> (238) =   0.00118686117365
  (0 6 | 3 1) -> (6|7) -> (28) =   0.00118686117365
  (6 0 | 1 3) -> (21|4) -> (235) =   0.00118686117365
  (0 6 | 1 3) -> (6|4) -> (25) =   0.00118686117365
  (3 1 | 6 0) -> (7|21) -> (49) =   0.00118686117365
  (3 1 | 0 6) -> (7|6) -> (34) =   0.00118686117365
  (1 3 | 6 0) -> (4|21) -> (31) =   0.00118686117365
  (1 3 | 0 6) -> (4|6) -> (16) =   0.00118686117365
  (6 2 | 1 1) -> (23|2) -> (278) =  -0.16391045416555
  (2 6 | 1 1) -> (9|2) -> (47) =  -0.16391045416555
  (6 2 | 1 1) -> (23|2) -> (278) =  -0.16391045416555
  (2 6 | 1 1) -> (9|2) -> (47) =  -0.16391045416555
  (1 1 | 6 2) -> (2|23) -> (26) =  -0.16391045416555
  (1 1 | 2 6) -> (2|9) -> (12) =  -0.16391045416555
  (1 1 | 6 2) -> (2|23) -> (26) =  -0.16391045416555
  (1 1 | 2 6) -> (2|9) -> (12) =  -0.16391045416555
  (6 3 | 1 1) -> (24|2) -> (302) =   0.12806088187373
  (3 6 | 1 1) -> (12|2) -> (80) =   0.12806088187373
  (6 3 | 1 1) -> (24|2) -> (302) =   0.12806088187373
  (3 6 | 1 1) -> (12|2) -> (80) =   0.12806088187373
  (1 1 | 6 3) -> (2|24) -> (27) =   0.12806088187373
  (1 1 | 3 6) -> (2|12) -> (15) =   0.12806088187373
  (1 1 | 6 3) -> (2|24) -> (27) =   0.12806088187373
  (1 1 | 3 6) -> (2|12) -> (15) =   0.12806088187373
  (6 1 | 2 1) -> (22|4) -> (257) =  -0.03377459090726
  (1 6 | 2 1) -> (7|4) -> (32) =  -0.03377459090726
  (6 1 | 1 2) -> (22|3) -> (256) =  -0.03377459090726
  (1 6 | 1 2) -> (7|3) -> (31) =  -0.03377459090726
  (2 1 | 6 1) -> (4|22) -> (32) =  -0.03377459090726
  (2 1 | 1 6) -> (4|7) -> (17) =  -0.03377459090726
  (1 2 | 6 1) -> (3|22) -> (28) =  -0.03377459090726
  (1 2 | 1 6) -> (3|7) -> (13) =  -0.03377459090726
  (6 1 | 3 1) -> (22|7) -> (260) =   0.02638760241698
  (1 6 | 3 1) -> (7|7) -> (35) =   0.02638760241698
  (6 1 | 1 3) -> (22|4) -> (257) =   0.02638760241698
  (1 6 | 1 3) -> (7|4) -> (32) =   0.02638760241698
  (3 1 | 6 1) -> (7|22) -> (50) =   0.02638760241698
  (3 1 | 1 6) -> (7|7) -> (35) =   0.02638760241698
  (1 3 | 6 1) -> (4|22) -> (32) =   0.02638760241698
  (1 3 | 1 6) -> (4|7) -> (17) =   0.02638760241698
  (6 2 | 2 0) -> (23|3) -> (279) =   0.00964472945070
  (2 6 | 2 0) -> (9|3) -> (48) =   0.00964472945070
  (6 2 | 0 2) -> (23|2) -> (278) =   0.00964472945070
  (2 6 | 0 2) -> (9|2) -> (47) =   0.00964472945070
  (2 0 | 6 2) -> (3|23) -> (29) =   0.00964472945070
  (2 0 | 2 6) -> (3|9) -> (15) =   0.00964472945070
  (0 2 | 6 2) -> (2|23) -> (26) =   0.00964472945070
  (0 2 | 2 6) -> (2|9) -> (12) =   0.00964472945070
  (6 2 | 3 0) -> (23|6) -> (282) =  -0.00174492087102
  (2 6 | 3 0) -> (9|6) -> (51) =  -0.00174492087102
  (6 2 | 0 3) -> (23|3) -> (279) =  -0.00174492087102
  (2 6 | 0 3) -> (9|3) -> (48) =  -0.00174492087102
  (3 0 | 6 2) -> (6|23) -> (44) =  -0.00174492087102
  (3 0 | 2 6) -> (6|9) -> (30) =  -0.00174492087102
  (0 3 | 6 2) -> (3|23) -> (29) =  -0.00174492087102
  (0 3 | 2 6) -> (3|9) -> (15) =  -0.00174492087102
  (6 3 | 2 0) -> (24|3) -> (303) =  -0.00174492087102
  (3 6 | 2 0) -> (12|3) -> (81) =  -0.00174492087102
  (6 3 | 0 2) -> (24|2) -> (302) =  -0.00174492087102
  (3 6 | 0 2) -> (12|2) -> (80) =  -0.00174492087102
  (2 0 | 6 3) -> (3|24) -> (30) =  -0.00174492087102
  (2 0 | 3 6) -> (3|12) -> (18) =  -0.00174492087102
  (0 2 | 6 3) -> (2|24) -> (27) =  -0.00174492087102
  (0 2 | 3 6) -> (2|12) -> (15) =  -0.00174492087102
  (6 3 | 3 0) -> (24|6) -> (306) =   0.00877461417892
  (3 6 | 3 0) -> (12|6) -> (84) =   0.00877461417892
  (6 3 | 0 3) -> (24|3) -> (303) =   0.00877461417892
  (3 6 | 0 3) -> (12|3) -> (81) =   0.00877461417892
  (3 0 | 6 3) -> (6|24) -> (45) =   0.00877461417892
  (3 0 | 3 6) -> (6|12) -> (33) =   0.00877461417892
  (0 3 | 6 3) -> (3|24) -> (30) =   0.00877461417892
  (0 3 | 3 6) -> (3|12) -> (18) =   0.00877461417892
  (6 4 | 4 0) -> (25|10) -> (335) =   0.00741133258300
  (4 6 | 4 0) -> (16|10) -> (146) =   0.00741133258300
  (6 4 | 0 4) -> (25|4) -> (329) =   0.00741133258300
  (4 6 | 0 4) -> (16|4) -> (140) =   0.00741133258300
  (4 0 | 6 4) -> (10|25) -> (80) =   0.00741133258300
  (4 0 | 4 6) -> (10|16) -> (71) =   0.00741133258300
  (0 4 | 6 4) -> (4|25) -> (35) =   0.00741133258300
  (0 4 | 4 6) -> (4|16) -> (26) =   0.00741133258300
  (6 0 | 2 2) -> (21|5) -> (236) =   0.04168594504622
  (0 6 | 2 2) -> (6|5) -> (26) =   0.04168594504622
  (6 0 | 2 2) -> (21|5) -> (236) =   0.04168594504622
  (0 6 | 2 2) -> (6|5) -> (26) =   0.04168594504622
  (2 2 | 6 0) -> (5|21) -> (36) =   0.04168594504622
  (2 2 | 0 6) -> (5|6) -> (21) =   0.04168594504622
  (2 2 | 6 0) -> (5|21) -> (36) =   0.04168594504622
  (2 2 | 0 6) -> (5|6) -> (21) =   0.04168594504622
  (6 0 | 3 2) -> (21|8) -> (239) =  -0.00012184871055
  (0 6 | 3 2) -> (6|8) -> (29) =  -0.00012184871055
  (6 0 | 2 3) -> (21|6) -> (237) =  -0.00012184871055
  (0 6 | 2 3) -> (6|6) -> (27) =  -0.00012184871055
  (3 2 | 6 0) -> (8|21) -> (57) =  -0.00012184871055
  (3 2 | 0 6) -> (8|6) -> (42) =  -0.00012184871055
  (2 3 | 6 0) -> (6|21) -> (42) =  -0.00012184871055
  (2 3 | 0 6) -> (6|6) -> (27) =  -0.00012184871055
  (6 0 | 3 3) -> (21|9) -> (240) =   0.04162518445492
  (0 6 | 3 3) -> (6|9) -> (30) =   0.04162518445492
  (6 0 | 3 3) -> (21|9) -> (240) =   0.04162518445492
  (0 6 | 3 3) -> (6|9) -> (30) =   0.04162518445492
  (3 3 | 6 0) -> (9|21) -> (66) =   0.04162518445492
  (3 3 | 0 6) -> (9|6) -> (51) =   0.04162518445492
  (3 3 | 6 0) -> (9|21) -> (66) =   0.04162518445492
  (3 3 | 0 6) -> (9|6) -> (51) =   0.04162518445492
  (6 0 | 4 4) -> (21|14) -> (245) =   0.04152998580876
  (0 6 | 4 4) -> (6|14) -> (35) =   0.04152998580876
  (6 0 | 4 4) -> (21|14) -> (245) =   0.04152998580876
  (0 6 | 4 4) -> (6|14) -> (35) =   0.04152998580876
  (4 4 | 6 0) -> (14|21) -> (126) =   0.04152998580876
  (4 4 | 0 6) -> (14|6) -> (111) =   0.04152998580876
  (4 4 | 6 0) -> (14|21) -> (126) =   0.04152998580876
  (4 4 | 0 6) -> (14|6) -> (111) =   0.04152998580876
  (6 2 | 2 1) -> (23|4) -> (280) =   0.06401211867157
  (2 6 | 2 1) -> (9|4) -> (49) =   0.06401211867157
  (6 2 | 1 2) -> (23|3) -> (279) =   0.06401211867157
  (2 6 | 1 2) -> (9|3) -> (48) =   0.06401211867157
  (2 1 | 6 2) -> (4|23) -> (33) =   0.06401211867157
  (2 1 | 2 6) -> (4|9) -> (19) =   0.06401211867157
  (1 2 | 6 2) -> (3|23) -> (29) =   0.06401211867157
  (1 2 | 2 6) -> (3|9) -> (15) =   0.06401211867157
  (6 2 | 3 1) -> (23|7) -> (283) =  -0.01570975684210
  (2 6 | 3 1) -> (9|7) -> (52) =  -0.01570975684210
  (6 2 | 1 3) -> (23|4) -> (280) =  -0.01570975684210
  (2 6 | 1 3) -> (9|4) -> (49) =  -0.01570975684210
  (3 1 | 6 2) -> (7|23) -> (51) =  -0.01570975684210
  (3 1 | 2 6) -> (7|9) -> (37) =  -0.01570975684210
  (1 3 | 6 2) -> (4|23) -> (33) =  -0.01570975684210
  (1 3 | 2 6) -> (4|9) -> (19) =  -0.01570975684210
  (6 3 | 2 1) -> (24|4) -> (304) =  -0.01570975684210
  (3 6 | 2 1) -> (12|4) -> (82) =  -0.01570975684210
  (6 3 | 1 2) -> (24|3) -> (303) =  -0.01570975684210
  (3 6 | 1 2) -> (12|3) -> (81) =  -0.01570975684210
  (2 1 | 6 3) -> (4|24) -> (34) =  -0.01570975684210
  (2 1 | 3 6) -> (4|12) -> (22) =  -0.01570975684210
  (1 2 | 6 3) -> (3|24) -> (30) =  -0.01570975684210
  (1 2 | 3 6) -> (3|12) -> (18) =  -0.01570975684210
  (6 3 | 3 1) -> (24|7) -> (307) =   0.05617835407439
  (3 6 | 3 1) -> (12|7) -> (85) =   0.05617835407439
  (6 3 | 1 3) -> (24|4) -> (304) =   0.05617835407439
  (3 6 | 1 3) -> (12|4) -> (82) =   0.05617835407439
  (3 1 | 6 3) -> (7|24) -> (52) =   0.05617835407439
  (3 1 | 3 6) -> (7|12) -> (40) =   0.05617835407439
  (1 3 | 6 3) -> (4|24) -> (34) =   0.05617835407439
  (1 3 | 3 6) -> (4|12) -> (22) =   0.05617835407439
  (6 4 | 4 1) -> (25|11) -> (336) =   0.04390454685774
  (4 6 | 4 1) -> (16|11) -> (147) =   0.04390454685774
  (6 4 | 1 4) -> (25|5) -> (330) =   0.04390454685774
  (4 6 | 1 4) -> (16|5) -> (141) =   0.04390454685774
  (4 1 | 6 4) -> (11|25) -> (91) =   0.04390454685774
  (4 1 | 4 6) -> (11|16) -> (82) =   0.04390454685774
  (1 4 | 6 4) -> (5|25) -> (40) =   0.04390454685774
  (1 4 | 4 6) -> (5|16) -> (31) =   0.04390454685774
  (6 1 | 2 2) -> (22|5) -> (258) =   0.26263542216858
  (1 6 | 2 2) -> (7|5) -> (33) =   0.26263542216858
  (6 1 | 2 2) -> (22|5) -> (258) =   0.26263542216858
  (1 6 | 2 2) -> (7|5) -> (33) =   0.26263542216858
  (2 2 | 6 1) -> (5|22) -> (37) =   0.26263542216858
  (2 2 | 1 6) -> (5|7) -> (22) =   0.26263542216858
  (2 2 | 6 1) -> (5|22) -> (37) =   0.26263542216858
  (2 2 | 1 6) -> (5|7) -> (22) =   0.26263542216858
  (6 1 | 3 2) -> (22|8) -> (261) =  -0.00646935550894
  (1 6 | 3 2) -> (7|8) -> (36) =  -0.00646935550894
  (6 1 | 2 3) -> (22|6) -> (259) =  -0.00646935550894
  (1 6 | 2 3) -> (7|6) -> (34) =  -0.00646935550894
  (3 2 | 6 1) -> (8|22) -> (58) =  -0.00646935550894
  (3 2 | 1 6) -> (8|7) -> (43) =  -0.00646935550894
  (2 3 | 6 1) -> (6|22) -> (43) =  -0.00646935550894
  (2 3 | 1 6) -> (6|7) -> (28) =  -0.00646935550894
  (6 1 | 3 3) -> (22|9) -> (262) =   0.25940943919113
  (1 6 | 3 3) -> (7|9) -> (37) =   0.25940943919113
  (6 1 | 3 3) -> (22|9) -> (262) =   0.25940943919113
  (1 6 | 3 3) -> (7|9) -> (37) =   0.25940943919113
  (3 3 | 6 1) -> (9|22) -> (67) =   0.25940943919113
  (3 3 | 1 6) -> (9|7) -> (52) =   0.25940943919113
  (3 3 | 6 1) -> (9|22) -> (67) =   0.25940943919113
  (3 3 | 1 6) -> (9|7) -> (52) =   0.25940943919113
  (6 1 | 4 4) -> (22|14) -> (267) =   0.25435502471924
  (1 6 | 4 4) -> (7|14) -> (42) =   0.25435502471924
  (6 1 | 4 4) -> (22|14) -> (267) =   0.25435502471924
  (1 6 | 4 4) -> (7|14) -> (42) =   0.25435502471924
  (4 4 | 6 1) -> (14|22) -> (127) =   0.25435502471924
  (4 4 | 1 6) -> (14|7) -> (112) =   0.25435502471924
  (4 4 | 6 1) -> (14|22) -> (127) =   0.25435502471924
  (4 4 | 1 6) -> (14|7) -> (112) =   0.25435502471924
  (6 2 | 2 2) -> (23|5) -> (281) =  -0.17536542769674
  (2 6 | 2 2) -> (9|5) -> (50) =  -0.17536542769674
  (6 2 | 2 2) -> (23|5) -> (281) =  -0.17536542769674
  (2 6 | 2 2) -> (9|5) -> (50) =  -0.17536542769674
  (2 2 | 6 2) -> (5|23) -> (38) =  -0.17536542769674
  (2 2 | 2 6) -> (5|9) -> (24) =  -0.17536542769674
  (2 2 | 6 2) -> (5|23) -> (38) =  -0.17536542769674
  (2 2 | 2 6) -> (5|9) -> (24) =  -0.17536542769674
  (6 2 | 3 2) -> (23|8) -> (284) =   0.00928275576284
  (2 6 | 3 2) -> (9|8) -> (53) =   0.00928275576284
  (6 2 | 2 3) -> (23|6) -> (282) =   0.00928275576284
  (2 6 | 2 3) -> (9|6) -> (51) =   0.00928275576284
  (3 2 | 6 2) -> (8|23) -> (59) =   0.00928275576284
  (3 2 | 2 6) -> (8|9) -> (45) =   0.00928275576284
  (2 3 | 6 2) -> (6|23) -> (44) =   0.00928275576284
  (2 3 | 2 6) -> (6|9) -> (30) =   0.00928275576284
  (6 2 | 3 3) -> (23|9) -> (285) =  -0.15960620012356
  (2 6 | 3 3) -> (9|9) -> (54) =  -0.15960620012356
  (6 2 | 3 3) -> (23|9) -> (285) =  -0.15960620012356
  (2 6 | 3 3) -> (9|9) -> (54) =  -0.15960620012356
  (3 3 | 6 2) -> (9|23) -> (68) =  -0.15960620012356
  (3 3 | 2 6) -> (9|9) -> (54) =  -0.15960620012356
  (3 3 | 6 2) -> (9|23) -> (68) =  -0.15960620012356
  (3 3 | 2 6) -> (9|9) -> (54) =  -0.15960620012356
  (6 2 | 4 4) -> (23|14) -> (290) =  -0.15657254456156
  (2 6 | 4 4) -> (9|14) -> (59) =  -0.15657254456156
  (6 2 | 4 4) -> (23|14) -> (290) =  -0.15657254456156
  (2 6 | 4 4) -> (9|14) -> (59) =  -0.15657254456156
  (4 4 | 6 2) -> (14|23) -> (128) =  -0.15657254456156
  (4 4 | 2 6) -> (14|9) -> (114) =  -0.15657254456156
  (4 4 | 6 2) -> (14|23) -> (128) =  -0.15657254456156
  (4 4 | 2 6) -> (14|9) -> (114) =  -0.15657254456156
  (6 3 | 2 2) -> (24|5) -> (305) =   0.12621078062306
  (3 6 | 2 2) -> (12|5) -> (83) =   0.12621078062306
  (6 3 | 2 2) -> (24|5) -> (305) =   0.12621078062306
  (3 6 | 2 2) -> (12|5) -> (83) =   0.12621078062306
  (2 2 | 6 3) -> (5|24) -> (39) =   0.12621078062306
  (2 2 | 3 6) -> (5|12) -> (27) =   0.12621078062306
  (2 2 | 6 3) -> (5|24) -> (39) =   0.12621078062306
  (2 2 | 3 6) -> (5|12) -> (27) =   0.12621078062306
  (6 3 | 3 2) -> (24|8) -> (308) =  -0.00994515313484
  (3 6 | 3 2) -> (12|8) -> (86) =  -0.00994515313484
  (6 3 | 2 3) -> (24|6) -> (306) =  -0.00994515313484
  (3 6 | 2 3) -> (12|6) -> (84) =  -0.00994515313484
  (3 2 | 6 3) -> (8|24) -> (60) =  -0.00994515313484
  (3 2 | 3 6) -> (8|12) -> (48) =  -0.00994515313484
  (2 3 | 6 3) -> (6|24) -> (45) =  -0.00994515313484
  (2 3 | 3 6) -> (6|12) -> (33) =  -0.00994515313484
  (6 3 | 3 3) -> (24|9) -> (309) =   0.13549773748050
  (3 6 | 3 3) -> (12|9) -> (87) =   0.13549773748050
  (6 3 | 3 3) -> (24|9) -> (309) =   0.13549773748050
  (3 6 | 3 3) -> (12|9) -> (87) =   0.13549773748050
  (3 3 | 6 3) -> (9|24) -> (69) =   0.13549773748050
  (3 3 | 3 6) -> (9|12) -> (57) =   0.13549773748050
  (3 3 | 6 3) -> (9|24) -> (69) =   0.13549773748050
  (3 3 | 3 6) -> (9|12) -> (57) =   0.13549773748050
  (6 3 | 4 4) -> (24|14) -> (314) =   0.12232787857153
  (3 6 | 4 4) -> (12|14) -> (92) =   0.12232787857153
  (6 3 | 4 4) -> (24|14) -> (314) =   0.12232787857153
  (3 6 | 4 4) -> (12|14) -> (92) =   0.12232787857153
  (4 4 | 6 3) -> (14|24) -> (129) =   0.12232787857153
  (4 4 | 3 6) -> (14|12) -> (117) =   0.12232787857153
  (4 4 | 6 3) -> (14|24) -> (129) =   0.12232787857153
  (4 4 | 3 6) -> (14|12) -> (117) =   0.12232787857153
  (6 4 | 4 2) -> (25|12) -> (337) =  -0.00691149757285
  (4 6 | 4 2) -> (16|12) -> (148) =  -0.00691149757285
  (6 4 | 2 4) -> (25|7) -> (332) =  -0.00691149757285
  (4 6 | 2 4) -> (16|7) -> (143) =  -0.00691149757285
  (4 2 | 6 4) -> (12|25) -> (103) =  -0.00691149757285
  (4 2 | 4 6) -> (12|16) -> (94) =  -0.00691149757285
  (2 4 | 6 4) -> (7|25) -> (53) =  -0.00691149757285
  (2 4 | 4 6) -> (7|16) -> (44) =  -0.00691149757285
  (6 4 | 4 3) -> (25|13) -> (338) =   0.00539985371130
  (4 6 | 4 3) -> (16|13) -> (149) =   0.00539985371130
  (6 4 | 3 4) -> (25|10) -> (335) =   0.00539985371130
  (4 6 | 3 4) -> (16|10) -> (146) =   0.00539985371130
  (4 3 | 6 4) -> (13|25) -> (116) =   0.00539985371130
  (4 3 | 4 6) -> (13|16) -> (107) =   0.00539985371130
  (3 4 | 6 4) -> (10|25) -> (80) =   0.00539985371130
  (3 4 | 4 6) -> (10|16) -> (71) =   0.00539985371130
  (6 5 | 0 0) -> (26|0) -> (351) =   0.10586444424177
  (5 6 | 0 0) -> (21|0) -> (231) =   0.10586444424177
  (6 5 | 0 0) -> (26|0) -> (351) =   0.10586444424177
  (5 6 | 0 0) -> (21|0) -> (231) =   0.10586444424177
  (0 0 | 6 5) -> (0|26) -> (26) =   0.10586444424177
  (0 0 | 5 6) -> (0|21) -> (21) =   0.10586444424177
  (0 0 | 6 5) -> (0|26) -> (26) =   0.10586444424177
  (0 0 | 5 6) -> (0|21) -> (21) =   0.10586444424177
  (6 0 | 5 0) -> (21|15) -> (246) =   0.00362634703849
  (0 6 | 5 0) -> (6|15) -> (36) =   0.00362634703849
  (6 0 | 0 5) -> (21|5) -> (236) =   0.00362634703849
  (0 6 | 0 5) -> (6|5) -> (26) =   0.00362634703849
  (5 0 | 6 0) -> (15|21) -> (141) =   0.00362634703849
  (5 0 | 0 6) -> (15|6) -> (126) =   0.00362634703849
  (0 5 | 6 0) -> (5|21) -> (36) =   0.00362634703849
  (0 5 | 0 6) -> (5|6) -> (21) =   0.00362634703849
  (6 5 | 1 0) -> (26|1) -> (352) =   0.02484761393068
  (5 6 | 1 0) -> (21|1) -> (232) =   0.02484761393068
  (6 5 | 0 1) -> (26|1) -> (352) =   0.02484761393068
  (5 6 | 0 1) -> (21|1) -> (232) =   0.02484761393068
  (1 0 | 6 5) -> (1|26) -> (27) =   0.02484761393068
  (1 0 | 5 6) -> (1|21) -> (22) =   0.02484761393068
  (0 1 | 6 5) -> (1|26) -> (27) =   0.02484761393068
  (0 1 | 5 6) -> (1|21) -> (22) =   0.02484761393068
  (6 1 | 5 0) -> (22|15) -> (268) =   0.01173808601538
  (1 6 | 5 0) -> (7|15) -> (43) =   0.01173808601538
  (6 1 | 0 5) -> (22|5) -> (258) =   0.01173808601538
  (1 6 | 0 5) -> (7|5) -> (33) =   0.01173808601538
  (5 0 | 6 1) -> (15|22) -> (142) =   0.01173808601538
  (5 0 | 1 6) -> (15|7) -> (127) =   0.01173808601538
  (0 5 | 6 1) -> (5|22) -> (37) =   0.01173808601538
  (0 5 | 1 6) -> (5|7) -> (22) =   0.01173808601538
  (6 0 | 5 1) -> (21|16) -> (247) =   0.01173808601538
  (0 6 | 5 1) -> (6|16) -> (37) =   0.01173808601538
  (6 0 | 1 5) -> (21|6) -> (237) =   0.01173808601538
  (0 6 | 1 5) -> (6|6) -> (27) =   0.01173808601538
  (5 1 | 6 0) -> (16|21) -> (157) =   0.01173808601538
  (5 1 | 0 6) -> (16|6) -> (142) =   0.01173808601538
  (1 5 | 6 0) -> (6|21) -> (42) =   0.01173808601538
  (1 5 | 0 6) -> (6|6) -> (27) =   0.01173808601538
  (6 5 | 1 1) -> (26|2) -> (353) =   0.09619308749725
  (5 6 | 1 1) -> (21|2) -> (233) =   0.09619308749725
  (6 5 | 1 1) -> (26|2) -> (353) =   0.09619308749725
  (5 6 | 1 1) -> (21|2) -> (233) =   0.09619308749725
  (1 1 | 6 5) -> (2|26) -> (29) =   0.09619308749725
  (1 1 | 5 6) -> (2|21) -> (24) =   0.09619308749725
  (1 1 | 6 5) -> (2|26) -> (29) =   0.09619308749725
  (1 1 | 5 6) -> (2|21) -> (24) =   0.09619308749725
  (6 1 | 5 1) -> (22|16) -> (269) =   0.08280531189124
  (1 6 | 5 1) -> (7|16) -> (44) =   0.08280531189124
  (6 1 | 1 5) -> (22|6) -> (259) =   0.08280531189124
  (1 6 | 1 5) -> (7|6) -> (34) =   0.08280531189124
  (5 1 | 6 1) -> (16|22) -> (158) =   0.08280531189124
  (5 1 | 1 6) -> (16|7) -> (143) =   0.08280531189124
  (1 5 | 6 1) -> (6|22) -> (43) =   0.08280531189124
  (1 5 | 1 6) -> (6|7) -> (28) =   0.08280531189124
  (6 5 | 3 0) -> (26|6) -> (357) =   0.00178048511854
  (5 6 | 3 0) -> (21|6) -> (237) =   0.00178048511854
  (6 5 | 0 3) -> (26|3) -> (354) =   0.00178048511854
  (5 6 | 0 3) -> (21|3) -> (234) =   0.00178048511854
  (3 0 | 6 5) -> (6|26) -> (47) =   0.00178048511854
  (3 0 | 5 6) -> (6|21) -> (42) =   0.00178048511854
  (0 3 | 6 5) -> (3|26) -> (32) =   0.00178048511854
  (0 3 | 5 6) -> (3|21) -> (27) =   0.00178048511854
  (6 2 | 5 0) -> (23|15) -> (291) =  -0.00666161193918
  (2 6 | 5 0) -> (9|15) -> (60) =  -0.00666161193918
  (6 2 | 0 5) -> (23|5) -> (281) =  -0.00666161193918
  (2 6 | 0 5) -> (9|5) -> (50) =  -0.00666161193918
  (5 0 | 6 2) -> (15|23) -> (143) =  -0.00666161193918
  (5 0 | 2 6) -> (15|9) -> (129) =  -0.00666161193918
  (0 5 | 6 2) -> (5|23) -> (38) =  -0.00666161193918
  (0 5 | 2 6) -> (5|9) -> (24) =  -0.00666161193918
  (6 3 | 5 0) -> (24|15) -> (315) =   0.00567057213816
  (3 6 | 5 0) -> (12|15) -> (93) =   0.00567057213816
  (6 3 | 0 5) -> (24|5) -> (305) =   0.00567057213816
  (3 6 | 0 5) -> (12|5) -> (83) =   0.00567057213816
  (5 0 | 6 3) -> (15|24) -> (144) =   0.00567057213816
  (5 0 | 3 6) -> (15|12) -> (132) =   0.00567057213816
  (0 5 | 6 3) -> (5|24) -> (39) =   0.00567057213816
  (0 5 | 3 6) -> (5|12) -> (27) =   0.00567057213816
  (6 0 | 5 2) -> (21|17) -> (248) =   0.00666161193918
  (0 6 | 5 2) -> (6|17) -> (38) =   0.00666161193918
  (6 0 | 2 5) -> (21|8) -> (239) =   0.00666161193918
  (0 6 | 2 5) -> (6|8) -> (29) =   0.00666161193918
  (5 2 | 6 0) -> (17|21) -> (174) =   0.00666161193918
  (5 2 | 0 6) -> (17|6) -> (159) =   0.00666161193918
  (2 5 | 6 0) -> (8|21) -> (57) =   0.00666161193918
  (2 5 | 0 6) -> (8|6) -> (42) =   0.00666161193918
  (6 0 | 5 3) -> (21|18) -> (249) =   0.00567057213816
  (0 6 | 5 3) -> (6|18) -> (39) =   0.00567057213816
  (6 0 | 3 5) -> (21|11) -> (242) =   0.00567057213816
  (0 6 | 3 5) -> (6|11) -> (32) =   0.00567057213816
  (5 3 | 6 0) -> (18|21) -> (192) =   0.00567057213816
  (5 3 | 0 6) -> (18|6) -> (177) =   0.00567057213816
  (3 5 | 6 0) -> (11|21) -> (87) =   0.00567057213816
  (3 5 | 0 6) -> (11|6) -> (72) =   0.00567057213816
  (6 5 | 3 1) -> (26|7) -> (358) =   0.01673837383555
  (5 6 | 3 1) -> (21|7) -> (238) =   0.01673837383555
  (6 5 | 1 3) -> (26|4) -> (355) =   0.01673837383555
  (5 6 | 1 3) -> (21|4) -> (235) =   0.01673837383555
  (3 1 | 6 5) -> (7|26) -> (54) =   0.01673837383555
  (3 1 | 5 6) -> (7|21) -> (49) =   0.01673837383555
  (1 3 | 6 5) -> (4|26) -> (36) =   0.01673837383555
  (1 3 | 5 6) -> (4|21) -> (31) =   0.01673837383555
  (6 2 | 5 1) -> (23|16) -> (292) =  -0.04424169110145
  (2 6 | 5 1) -> (9|16) -> (61) =  -0.04424169110145
  (6 2 | 1 5) -> (23|6) -> (282) =  -0.04424169110145
  (2 6 | 1 5) -> (9|6) -> (51) =  -0.04424169110145
  (5 1 | 6 2) -> (16|23) -> (159) =  -0.04424169110145
  (5 1 | 2 6) -> (16|9) -> (145) =  -0.04424169110145
  (1 5 | 6 2) -> (6|23) -> (44) =  -0.04424169110145
  (1 5 | 2 6) -> (6|9) -> (30) =  -0.04424169110145
  (6 3 | 5 1) -> (24|16) -> (316) =   0.04836075759705
  (3 6 | 5 1) -> (12|16) -> (94) =   0.04836075759705
  (6 3 | 1 5) -> (24|6) -> (306) =   0.04836075759705
  (3 6 | 1 5) -> (12|6) -> (84) =   0.04836075759705
  (5 1 | 6 3) -> (16|24) -> (160) =   0.04836075759705
  (5 1 | 3 6) -> (16|12) -> (148) =   0.04836075759705
  (1 5 | 6 3) -> (6|24) -> (45) =   0.04836075759705
  (1 5 | 3 6) -> (6|12) -> (33) =   0.04836075759705
  (6 1 | 5 2) -> (22|17) -> (270) =   0.04424169110145
  (1 6 | 5 2) -> (7|17) -> (45) =   0.04424169110145
  (6 1 | 2 5) -> (22|8) -> (261) =   0.04424169110145
  (1 6 | 2 5) -> (7|8) -> (36) =   0.04424169110145
  (5 2 | 6 1) -> (17|22) -> (175) =   0.04424169110145
  (5 2 | 1 6) -> (17|7) -> (160) =   0.04424169110145
  (2 5 | 6 1) -> (8|22) -> (58) =   0.04424169110145
  (2 5 | 1 6) -> (8|7) -> (43) =   0.04424169110145
  (6 1 | 5 3) -> (22|18) -> (271) =   0.04836075759705
  (1 6 | 5 3) -> (7|18) -> (46) =   0.04836075759705
  (6 1 | 3 5) -> (22|11) -> (264) =   0.04836075759705
  (1 6 | 3 5) -> (7|11) -> (39) =   0.04836075759705
  (5 3 | 6 1) -> (18|22) -> (193) =   0.04836075759705
  (5 3 | 1 6) -> (18|7) -> (178) =   0.04836075759705
  (3 5 | 6 1) -> (11|22) -> (88) =   0.04836075759705
  (3 5 | 1 6) -> (11|7) -> (73) =   0.04836075759705
  (6 5 | 2 2) -> (26|5) -> (356) =   0.09580682234893
  (5 6 | 2 2) -> (21|5) -> (236) =   0.09580682234893
  (6 5 | 2 2) -> (26|5) -> (356) =   0.09580682234893
  (5 6 | 2 2) -> (21|5) -> (236) =   0.09580682234893
  (2 2 | 6 5) -> (5|26) -> (41) =   0.09580682234893
  (2 2 | 5 6) -> (5|21) -> (36) =   0.09580682234893
  (2 2 | 6 5) -> (5|26) -> (41) =   0.09580682234893
  (2 2 | 5 6) -> (5|21) -> (36) =   0.09580682234893
  (6 5 | 3 3) -> (26|9) -> (360) =   0.09876235128512
  (5 6 | 3 3) -> (21|9) -> (240) =   0.09876235128512
  (6 5 | 3 3) -> (26|9) -> (360) =   0.09876235128512
  (5 6 | 3 3) -> (21|9) -> (240) =   0.09876235128512
  (3 3 | 6 5) -> (9|26) -> (71) =   0.09876235128512
  (3 3 | 5 6) -> (9|21) -> (66) =   0.09876235128512
  (3 3 | 6 5) -> (9|26) -> (71) =   0.09876235128512
  (3 3 | 5 6) -> (9|21) -> (66) =   0.09876235128512
  (6 5 | 4 4) -> (26|14) -> (365) =   0.09390379272999
  (5 6 | 4 4) -> (21|14) -> (245) =   0.09390379272999
  (6 5 | 4 4) -> (26|14) -> (365) =   0.09390379272999
  (5 6 | 4 4) -> (21|14) -> (245) =   0.09390379272999
  (4 4 | 6 5) -> (14|26) -> (131) =   0.09390379272999
  (4 4 | 5 6) -> (14|21) -> (126) =   0.09390379272999
  (4 4 | 6 5) -> (14|26) -> (131) =   0.09390379272999
  (4 4 | 5 6) -> (14|21) -> (126) =   0.09390379272999
  (6 2 | 5 2) -> (23|17) -> (293) =  -0.01309973877775
  (2 6 | 5 2) -> (9|17) -> (62) =  -0.01309973877775
  (6 2 | 2 5) -> (23|8) -> (284) =  -0.01309973877775
  (2 6 | 2 5) -> (9|8) -> (53) =  -0.01309973877775
  (5 2 | 6 2) -> (17|23) -> (176) =  -0.01309973877775
  (5 2 | 2 6) -> (17|9) -> (162) =  -0.01309973877775
  (2 5 | 6 2) -> (8|23) -> (59) =  -0.01309973877775
  (2 5 | 2 6) -> (8|9) -> (45) =  -0.01309973877775
  (6 2 | 5 3) -> (23|18) -> (294) =  -0.02532015111833
  (2 6 | 5 3) -> (9|18) -> (63) =  -0.02532015111833
  (6 2 | 3 5) -> (23|11) -> (287) =  -0.02532015111833
  (2 6 | 3 5) -> (9|11) -> (56) =  -0.02532015111833
  (5 3 | 6 2) -> (18|23) -> (194) =  -0.02532015111833
  (5 3 | 2 6) -> (18|9) -> (180) =  -0.02532015111833
  (3 5 | 6 2) -> (11|23) -> (89) =  -0.02532015111833
  (3 5 | 2 6) -> (11|9) -> (75) =  -0.02532015111833
  (6 3 | 5 2) -> (24|17) -> (317) =   0.02532015111833
  (3 6 | 5 2) -> (12|17) -> (95) =   0.02532015111833
  (6 3 | 2 5) -> (24|8) -> (308) =   0.02532015111833
  (3 6 | 2 5) -> (12|8) -> (86) =   0.02532015111833
  (5 2 | 6 3) -> (17|24) -> (177) =   0.02532015111833
  (5 2 | 3 6) -> (17|12) -> (165) =   0.02532015111833
  (2 5 | 6 3) -> (8|24) -> (60) =   0.02532015111833
  (2 5 | 3 6) -> (8|12) -> (48) =   0.02532015111833
  (6 3 | 5 3) -> (24|18) -> (318) =   0.03885787109058
  (3 6 | 5 3) -> (12|18) -> (96) =   0.03885787109058
  (6 3 | 3 5) -> (24|11) -> (311) =   0.03885787109058
  (3 6 | 3 5) -> (12|11) -> (89) =   0.03885787109058
  (5 3 | 6 3) -> (18|24) -> (195) =   0.03885787109058
  (5 3 | 3 6) -> (18|12) -> (183) =   0.03885787109058
  (3 5 | 6 3) -> (11|24) -> (90) =   0.03885787109058
  (3 5 | 3 6) -> (11|12) -> (78) =   0.03885787109058
  (6 4 | 5 4) -> (25|19) -> (344) =   0.01103389204739
  (4 6 | 5 4) -> (16|19) -> (155) =   0.01103389204739
  (6 4 | 4 5) -> (25|15) -> (340) =   0.01103389204739
  (4 6 | 4 5) -> (16|15) -> (151) =   0.01103389204739
  (5 4 | 6 4) -> (19|25) -> (215) =   0.01103389204739
  (5 4 | 4 6) -> (19|16) -> (206) =   0.01103389204739
  (4 5 | 6 4) -> (15|25) -> (145) =   0.01103389204739
  (4 5 | 4 6) -> (15|16) -> (136) =   0.01103389204739
  (6 5 | 5 0) -> (26|15) -> (366) =   0.00409176745698
  (5 6 | 5 0) -> (21|15) -> (246) =   0.00409176745698
  (6 5 | 0 5) -> (26|5) -> (356) =   0.00409176745698
  (5 6 | 0 5) -> (21|5) -> (236) =   0.00409176745698
  (5 0 | 6 5) -> (15|26) -> (146) =   0.00409176745698
  (5 0 | 5 6) -> (15|21) -> (141) =   0.00409176745698
  (0 5 | 6 5) -> (5|26) -> (41) =   0.00409176745698
  (0 5 | 5 6) -> (5|21) -> (36) =   0.00409176745698
  (6 0 | 5 5) -> (21|20) -> (251) =   0.01789093040421
  (0 6 | 5 5) -> (6|20) -> (41) =   0.01789093040421
  (6 0 | 5 5) -> (21|20) -> (251) =   0.01789093040421
  (0 6 | 5 5) -> (6|20) -> (41) =   0.01789093040421
  (5 5 | 6 0) -> (20|21) -> (231) =   0.01789093040421
  (5 5 | 0 6) -> (20|6) -> (216) =   0.01789093040421
  (5 5 | 6 0) -> (20|21) -> (231) =   0.01789093040421
  (5 5 | 0 6) -> (20|6) -> (216) =   0.01789093040421
  (6 5 | 5 1) -> (26|16) -> (367) =   0.03841548659065
  (5 6 | 5 1) -> (21|16) -> (247) =   0.03841548659065
  (6 5 | 1 5) -> (26|6) -> (357) =   0.03841548659065
  (5 6 | 1 5) -> (21|6) -> (237) =   0.03841548659065
  (5 1 | 6 5) -> (16|26) -> (162) =   0.03841548659065
  (5 1 | 5 6) -> (16|21) -> (157) =   0.03841548659065
  (1 5 | 6 5) -> (6|26) -> (47) =   0.03841548659065
  (1 5 | 5 6) -> (6|21) -> (42) =   0.03841548659065
  (6 1 | 5 5) -> (22|20) -> (273) =   0.15192458658476
  (1 6 | 5 5) -> (7|20) -> (48) =   0.15192458658476
  (6 1 | 5 5) -> (22|20) -> (273) =   0.15192458658476
  (1 6 | 5 5) -> (7|20) -> (48) =   0.15192458658476
  (5 5 | 6 1) -> (20|22) -> (232) =   0.15192458658476
  (5 5 | 1 6) -> (20|7) -> (217) =   0.15192458658476
  (5 5 | 6 1) -> (20|22) -> (232) =   0.15192458658476
  (5 5 | 1 6) -> (20|7) -> (217) =   0.15192458658476
  (6 5 | 5 2) -> (26|17) -> (368) =   0.02568519750069
  (5 6 | 5 2) -> (21|17) -> (248) =   0.02568519750069
  (6 5 | 2 5) -> (26|8) -> (359) =   0.02568519750069
  (5 6 | 2 5) -> (21|8) -> (239) =   0.02568519750069
  (5 2 | 6 5) -> (17|26) -> (179) =   0.02568519750069
  (5 2 | 5 6) -> (17|21) -> (174) =   0.02568519750069
  (2 5 | 6 5) -> (8|26) -> (62) =   0.02568519750069
  (2 5 | 5 6) -> (8|21) -> (57) =   0.02568519750069
  (6 5 | 5 3) -> (26|18) -> (369) =   0.02597445119018
  (5 6 | 5 3) -> (21|18) -> (249) =   0.02597445119018
  (6 5 | 3 5) -> (26|11) -> (362) =   0.02597445119018
  (5 6 | 3 5) -> (21|11) -> (242) =   0.02597445119018
  (5 3 | 6 5) -> (18|26) -> (197) =   0.02597445119018
  (5 3 | 5 6) -> (18|21) -> (192) =   0.02597445119018
  (3 5 | 6 5) -> (11|26) -> (92) =   0.02597445119018
  (3 5 | 5 6) -> (11|21) -> (87) =   0.02597445119018
  (6 2 | 5 5) -> (23|20) -> (296) =  -0.07361542281908
  (2 6 | 5 5) -> (9|20) -> (65) =  -0.07361542281908
  (6 2 | 5 5) -> (23|20) -> (296) =  -0.07361542281908
  (2 6 | 5 5) -> (9|20) -> (65) =  -0.07361542281908
  (5 5 | 6 2) -> (20|23) -> (233) =  -0.07361542281908
  (5 5 | 2 6) -> (20|9) -> (219) =  -0.07361542281908
  (5 5 | 6 2) -> (20|23) -> (233) =  -0.07361542281908
  (5 5 | 2 6) -> (20|9) -> (219) =  -0.07361542281908
  (6 3 | 5 5) -> (24|20) -> (320) =   0.09675217528978
  (3 6 | 5 5) -> (12|20) -> (98) =   0.09675217528978
  (6 3 | 5 5) -> (24|20) -> (320) =   0.09675217528978
  (3 6 | 5 5) -> (12|20) -> (98) =   0.09675217528978
  (5 5 | 6 3) -> (20|24) -> (234) =   0.09675217528978
  (5 5 | 3 6) -> (20|12) -> (222) =   0.09675217528978
  (5 5 | 6 3) -> (20|24) -> (234) =   0.09675217528978
  (5 5 | 3 6) -> (20|12) -> (222) =   0.09675217528978
  (6 5 | 5 5) -> (26|20) -> (371) =   0.09135370676149
  (5 6 | 5 5) -> (21|20) -> (251) =   0.09135370676149
  (6 5 | 5 5) -> (26|20) -> (371) =   0.09135370676149
  (5 6 | 5 5) -> (21|20) -> (251) =   0.09135370676149
  (5 5 | 6 5) -> (20|26) -> (236) =   0.09135370676149
  (5 5 | 5 6) -> (20|21) -> (231) =   0.09135370676149
  (5 5 | 6 5) -> (20|26) -> (236) =   0.09135370676149
  (5 5 | 5 6) -> (20|21) -> (231) =   0.09135370676149
  (6 6 | 0 0) -> (27|0) -> (378) =   0.47072332636878
  (6 6 | 0 0) -> (27|0) -> (378) =   0.47072332636878
  (6 6 | 0 0) -> (27|0) -> (378) =   0.47072332636878
  (6 6 | 0 0) -> (27|0) -> (378) =   0.47072332636878
  (0 0 | 6 6) -> (0|27) -> (27) =   0.47072332636878
  (0 0 | 6 6) -> (0|27) -> (27) =   0.47072332636878
  (0 0 | 6 6) -> (0|27) -> (27) =   0.47072332636878
  (0 0 | 6 6) -> (0|27) -> (27) =   0.47072332636878
  (6 0 | 6 0) -> (21|21) -> (252) =   0.00368310796008
  (0 6 | 6 0) -> (6|21) -> (42) =   0.00368310796008
  (6 0 | 0 6) -> (21|6) -> (237) =   0.00368310796008
  (0 6 | 0 6) -> (6|6) -> (27) =   0.00368310796008
  (6 0 | 6 0) -> (21|21) -> (252) =   0.00368310796008
  (6 0 | 0 6) -> (21|6) -> (237) =   0.00368310796008
  (0 6 | 6 0) -> (6|21) -> (42) =   0.00368310796008
  (0 6 | 0 6) -> (6|6) -> (27) =   0.00368310796008
  (6 6 | 1 0) -> (27|1) -> (379) =   0.11119180691162
  (6 6 | 1 0) -> (27|1) -> (379) =   0.11119180691162
  (6 6 | 0 1) -> (27|1) -> (379) =   0.11119180691162
  (6 6 | 0 1) -> (27|1) -> (379) =   0.11119180691162
  (1 0 | 6 6) -> (1|27) -> (28) =   0.11119180691162
  (1 0 | 6 6) -> (1|27) -> (28) =   0.11119180691162
  (0 1 | 6 6) -> (1|27) -> (28) =   0.11119180691162
  (0 1 | 6 6) -> (1|27) -> (28) =   0.11119180691162
  (6 1 | 6 0) -> (22|21) -> (274) =   0.01212161742175
  (1 6 | 6 0) -> (7|21) -> (49) =   0.01212161742175
  (6 1 | 0 6) -> (22|6) -> (259) =   0.01212161742175
  (1 6 | 0 6) -> (7|6) -> (34) =   0.01212161742175
  (6 0 | 6 1) -> (21|22) -> (253) =   0.01212161742175
  (6 0 | 1 6) -> (21|7) -> (238) =   0.01212161742175
  (0 6 | 6 1) -> (6|22) -> (43) =   0.01212161742175
  (0 6 | 1 6) -> (6|7) -> (28) =   0.01212161742175
  (6 6 | 1 1) -> (27|2) -> (380) =   0.45466066225483
  (6 6 | 1 1) -> (27|2) -> (380) =   0.45466066225483
  (6 6 | 1 1) -> (27|2) -> (380) =   0.45466066225483
  (6 6 | 1 1) -> (27|2) -> (380) =   0.45466066225483
  (1 1 | 6 6) -> (2|27) -> (30) =   0.45466066225483
  (1 1 | 6 6) -> (2|27) -> (30) =   0.45466066225483
  (1 1 | 6 6) -> (2|27) -> (30) =   0.45466066225483
  (1 1 | 6 6) -> (2|27) -> (30) =   0.45466066225483
  (6 1 | 6 1) -> (22|22) -> (275) =   0.10381656102043
  (1 6 | 6 1) -> (7|22) -> (50) =   0.10381656102043
  (6 1 | 1 6) -> (22|7) -> (260) =   0.10381656102043
  (1 6 | 1 6) -> (7|7) -> (35) =   0.10381656102043
  (6 1 | 6 1) -> (22|22) -> (275) =   0.10381656102043
  (6 1 | 1 6) -> (22|7) -> (260) =   0.10381656102043
  (1 6 | 6 1) -> (7|22) -> (50) =   0.10381656102043
  (1 6 | 1 6) -> (7|7) -> (35) =   0.10381656102043
  (6 6 | 2 0) -> (27|3) -> (381) =  -0.00811542969563
  (6 6 | 2 0) -> (27|3) -> (381) =  -0.00811542969563
  (6 6 | 0 2) -> (27|2) -> (380) =  -0.00811542969563
  (6 6 | 0 2) -> (27|2) -> (380) =  -0.00811542969563
  (2 0 | 6 6) -> (3|27) -> (33) =  -0.00811542969563
  (2 0 | 6 6) -> (3|27) -> (33) =  -0.00811542969563
  (0 2 | 6 6) -> (2|27) -> (30) =  -0.00811542969563
  (0 2 | 6 6) -> (2|27) -> (30) =  -0.00811542969563
  (6 6 | 3 0) -> (27|6) -> (384) =   0.00634046857412
  (6 6 | 3 0) -> (27|6) -> (384) =   0.00634046857412
  (6 6 | 0 3) -> (27|3) -> (381) =   0.00634046857412
  (6 6 | 0 3) -> (27|3) -> (381) =   0.00634046857412
  (3 0 | 6 6) -> (6|27) -> (48) =   0.00634046857412
  (3 0 | 6 6) -> (6|27) -> (48) =   0.00634046857412
  (0 3 | 6 6) -> (3|27) -> (33) =   0.00634046857412
  (0 3 | 6 6) -> (3|27) -> (33) =   0.00634046857412
  (6 2 | 6 0) -> (23|21) -> (297) =  -0.00748764164977
  (2 6 | 6 0) -> (9|21) -> (66) =  -0.00748764164977
  (6 2 | 0 6) -> (23|6) -> (282) =  -0.00748764164977
  (2 6 | 0 6) -> (9|6) -> (51) =  -0.00748764164977
  (6 0 | 6 2) -> (21|23) -> (254) =  -0.00748764164977
  (6 0 | 2 6) -> (21|9) -> (240) =  -0.00748764164977
  (0 6 | 6 2) -> (6|23) -> (44) =  -0.00748764164977
  (0 6 | 2 6) -> (6|9) -> (30) =  -0.00748764164977
  (6 3 | 6 0) -> (24|21) -> (321) =   0.00584998679740
  (3 6 | 6 0) -> (12|21) -> (99) =   0.00584998679740
  (6 3 | 0 6) -> (24|6) -> (306) =   0.00584998679740
  (3 6 | 0 6) -> (12|6) -> (84) =   0.00584998679740
  (6 0 | 6 3) -> (21|24) -> (255) =   0.00584998679740
  (6 0 | 3 6) -> (21|12) -> (243) =   0.00584998679740
  (0 6 | 6 3) -> (6|24) -> (45) =   0.00584998679740
  (0 6 | 3 6) -> (6|12) -> (33) =   0.00584998679740
  (6 6 | 2 1) -> (27|4) -> (382) =  -0.08885024014748
  (6 6 | 2 1) -> (27|4) -> (382) =  -0.08885024014748
  (6 6 | 1 2) -> (27|3) -> (381) =  -0.08885024014748
  (6 6 | 1 2) -> (27|3) -> (381) =  -0.08885024014748
  (2 1 | 6 6) -> (4|27) -> (37) =  -0.08885024014748
  (2 1 | 6 6) -> (4|27) -> (37) =  -0.08885024014748
  (1 2 | 6 6) -> (3|27) -> (33) =  -0.08885024014748
  (1 2 | 6 6) -> (3|27) -> (33) =  -0.08885024014748
  (6 6 | 3 1) -> (27|7) -> (385) =   0.06941741553890
  (6 6 | 3 1) -> (27|7) -> (385) =   0.06941741553890
  (6 6 | 1 3) -> (27|4) -> (382) =   0.06941741553890
  (6 6 | 1 3) -> (27|4) -> (382) =   0.06941741553890
  (3 1 | 6 6) -> (7|27) -> (55) =   0.06941741553890
  (3 1 | 6 6) -> (7|27) -> (55) =   0.06941741553890
  (1 3 | 6 6) -> (4|27) -> (37) =   0.06941741553890
  (1 3 | 6 6) -> (4|27) -> (37) =   0.06941741553890
  (6 2 | 6 1) -> (23|22) -> (298) =  -0.07987622207278
  (2 6 | 6 1) -> (9|22) -> (67) =  -0.07987622207278
  (6 2 | 1 6) -> (23|7) -> (283) =  -0.07987622207278
  (2 6 | 1 6) -> (9|7) -> (52) =  -0.07987622207278
  (6 1 | 6 2) -> (22|23) -> (276) =  -0.07987622207278
  (6 1 | 2 6) -> (22|9) -> (262) =  -0.07987622207278
  (1 6 | 6 2) -> (7|23) -> (51) =  -0.07987622207278
  (1 6 | 2 6) -> (7|9) -> (37) =  -0.07987622207278
  (6 3 | 6 1) -> (24|22) -> (322) =   0.06240614420512
  (3 6 | 6 1) -> (12|22) -> (100) =   0.06240614420512
  (6 3 | 1 6) -> (24|7) -> (307) =   0.06240614420512
  (3 6 | 1 6) -> (12|7) -> (85) =   0.06240614420512
  (6 1 | 6 3) -> (22|24) -> (277) =   0.06240614420512
  (6 1 | 3 6) -> (22|12) -> (265) =   0.06240614420512
  (1 6 | 6 3) -> (7|24) -> (52) =   0.06240614420512
  (1 6 | 3 6) -> (7|12) -> (40) =   0.06240614420512
  (6 6 | 2 2) -> (27|5) -> (383) =   0.46976210352871
  (6 6 | 2 2) -> (27|5) -> (383) =   0.46976210352871
  (6 6 | 2 2) -> (27|5) -> (383) =   0.46976210352871
  (6 6 | 2 2) -> (27|5) -> (383) =   0.46976210352871
  (2 2 | 6 6) -> (5|27) -> (42) =   0.46976210352871
  (2 2 | 6 6) -> (5|27) -> (42) =   0.46976210352871
  (2 2 | 6 6) -> (5|27) -> (42) =   0.46976210352871
  (2 2 | 6 6) -> (5|27) -> (42) =   0.46976210352871
  (6 6 | 3 2) -> (27|8) -> (386) =  -0.02579171679140
  (6 6 | 3 2) -> (27|8) -> (386) =  -0.02579171679140
  (6 6 | 2 3) -> (27|6) -> (384) =  -0.02579171679140
  (6 6 | 2 3) -> (27|6) -> (384) =  -0.02579171679140
  (3 2 | 6 6) -> (8|27) -> (63) =  -0.02579171679140
  (3 2 | 6 6) -> (8|27) -> (63) =  -0.02579171679140
  (2 3 | 6 6) -> (6|27) -> (48) =  -0.02579171679140
  (2 3 | 6 6) -> (6|27) -> (48) =  -0.02579171679140
  (6 6 | 3 3) -> (27|9) -> (387) =   0.45690090905372
  (6 6 | 3 3) -> (27|9) -> (387) =   0.45690090905372
  (6 6 | 3 3) -> (27|9) -> (387) =   0.45690090905372
  (6 6 | 3 3) -> (27|9) -> (387) =   0.45690090905372
  (3 3 | 6 6) -> (9|27) -> (72) =   0.45690090905372
  (3 3 | 6 6) -> (9|27) -> (72) =   0.45690090905372
  (3 3 | 6 6) -> (9|27) -> (72) =   0.45690090905372
  (3 3 | 6 6) -> (9|27) -> (72) =   0.45690090905372
  (6 6 | 4 4) -> (27|14) -> (392) =   0.43675021144167
  (6 6 | 4 4) -> (27|14) -> (392) =   0.43675021144167
  (6 6 | 4 4) -> (27|14) -> (392) =   0.43675021144167
  (6 6 | 4 4) -> (27|14) -> (392) =   0.43675021144167
  (4 4 | 6 6) -> (14|27) -> (132) =   0.43675021144167
  (4 4 | 6 6) -> (14|27) -> (132) =   0.43675021144167
  (4 4 | 6 6) -> (14|27) -> (132) =   0.43675021144167
  (4 4 | 6 6) -> (14|27) -> (132) =   0.43675021144167
  (6 2 | 6 2) -> (23|23) -> (299) =   0.07510321764035
  (2 6 | 6 2) -> (9|23) -> (68) =   0.07510321764035
  (6 2 | 2 6) -> (23|9) -> (285) =   0.07510321764035
  (2 6 | 2 6) -> (9|9) -> (54) =   0.07510321764035
  (6 2 | 6 2) -> (23|23) -> (299) =   0.07510321764035
  (6 2 | 2 6) -> (23|9) -> (285) =   0.07510321764035
  (2 6 | 6 2) -> (9|23) -> (68) =   0.07510321764035
  (2 6 | 2 6) -> (9|9) -> (54) =   0.07510321764035
  (6 3 | 6 2) -> (24|23) -> (323) =  -0.04746039928508
  (3 6 | 6 2) -> (12|23) -> (101) =  -0.04746039928508
  (6 3 | 2 6) -> (24|9) -> (309) =  -0.04746039928508
  (3 6 | 2 6) -> (12|9) -> (87) =  -0.04746039928508
  (6 2 | 6 3) -> (23|24) -> (300) =  -0.04746039928508
  (6 2 | 3 6) -> (23|12) -> (288) =  -0.04746039928508
  (2 6 | 6 3) -> (9|24) -> (69) =  -0.04746039928508
  (2 6 | 3 6) -> (9|12) -> (57) =  -0.04746039928508
  (6 3 | 6 3) -> (24|24) -> (324) =   0.05143680450457
  (3 6 | 6 3) -> (12|24) -> (102) =   0.05143680450457
  (6 3 | 3 6) -> (24|12) -> (312) =   0.05143680450457
  (3 6 | 3 6) -> (12|12) -> (90) =   0.05143680450457
  (6 3 | 6 3) -> (24|24) -> (324) =   0.05143680450457
  (6 3 | 3 6) -> (24|12) -> (312) =   0.05143680450457
  (3 6 | 6 3) -> (12|24) -> (102) =   0.05143680450457
  (3 6 | 3 6) -> (12|12) -> (90) =   0.05143680450457
  (6 4 | 6 4) -> (25|25) -> (350) =   0.01435667671487
  (4 6 | 6 4) -> (16|25) -> (161) =   0.01435667671487
  (6 4 | 4 6) -> (25|16) -> (341) =   0.01435667671487
  (4 6 | 4 6) -> (16|16) -> (152) =   0.01435667671487
  (6 4 | 6 4) -> (25|25) -> (350) =   0.01435667671487
  (6 4 | 4 6) -> (25|16) -> (341) =   0.01435667671487
  (4 6 | 6 4) -> (16|25) -> (161) =   0.01435667671487
  (4 6 | 4 6) -> (16|16) -> (152) =   0.01435667671487
  (6 6 | 5 0) -> (27|15) -> (393) =   0.01789093040421
  (6 6 | 5 0) -> (27|15) -> (393) =   0.01789093040421
  (6 6 | 0 5) -> (27|5) -> (383) =   0.01789093040421
  (6 6 | 0 5) -> (27|5) -> (383) =   0.01789093040421
  (5 0 | 6 6) -> (15|27) -> (147) =   0.01789093040421
  (5 0 | 6 6) -> (15|27) -> (147) =   0.01789093040421
  (0 5 | 6 6) -> (5|27) -> (42) =   0.01789093040421
  (0 5 | 6 6) -> (5|27) -> (42) =   0.01789093040421
  (6 5 | 6 0) -> (26|21) -> (372) =   0.00409176745698
  (5 6 | 6 0) -> (21|21) -> (252) =   0.00409176745698
  (6 5 | 0 6) -> (26|6) -> (357) =   0.00409176745698
  (5 6 | 0 6) -> (21|6) -> (237) =   0.00409176745698
  (6 0 | 6 5) -> (21|26) -> (257) =   0.00409176745698
  (6 0 | 5 6) -> (21|21) -> (252) =   0.00409176745698
  (0 6 | 6 5) -> (6|26) -> (47) =   0.00409176745698
  (0 6 | 5 6) -> (6|21) -> (42) =   0.00409176745698
  (6 6 | 5 1) -> (27|16) -> (394) =   0.15192458658476
  (6 6 | 5 1) -> (27|16) -> (394) =   0.15192458658476
  (6 6 | 1 5) -> (27|6) -> (384) =   0.15192458658476
  (6 6 | 1 5) -> (27|6) -> (384) =   0.15192458658476
  (5 1 | 6 6) -> (16|27) -> (163) =   0.15192458658476
  (5 1 | 6 6) -> (16|27) -> (163) =   0.15192458658476
  (1 5 | 6 6) -> (6|27) -> (48) =   0.15192458658476
  (1 5 | 6 6) -> (6|27) -> (48) =   0.15192458658476
  (6 5 | 6 1) -> (26|22) -> (373) =   0.03841548659065
  (5 6 | 6 1) -> (21|22) -> (253) =   0.03841548659065
  (6 5 | 1 6) -> (26|7) -> (358) =   0.03841548659065
  (5 6 | 1 6) -> (21|7) -> (238) =   0.03841548659065
  (6 1 | 6 5) -> (22|26) -> (279) =   0.03841548659065
  (6 1 | 5 6) -> (22|21) -> (274) =   0.03841548659065
  (1 6 | 6 5) -> (7|26) -> (54) =   0.03841548659065
  (1 6 | 5 6) -> (7|21) -> (49) =   0.03841548659065
  (6 6 | 5 2) -> (27|17) -> (395) =   0.07361542281908
  (6 6 | 5 2) -> (27|17) -> (395) =   0.07361542281908
  (6 6 | 2 5) -> (27|8) -> (386) =   0.07361542281908
  (6 6 | 2 5) -> (27|8) -> (386) =   0.07361542281908
  (5 2 | 6 6) -> (17|27) -> (180) =   0.07361542281908
  (5 2 | 6 6) -> (17|27) -> (180) =   0.07361542281908
  (2 5 | 6 6) -> (8|27) -> (63) =   0.07361542281908
  (2 5 | 6 6) -> (8|27) -> (63) =   0.07361542281908
  (6 6 | 5 3) -> (27|18) -> (396) =   0.09675217528978
  (6 6 | 5 3) -> (27|18) -> (396) =   0.09675217528978
  (6 6 | 3 5) -> (27|11) -> (389) =   0.09675217528978
  (6 6 | 3 5) -> (27|11) -> (389) =   0.09675217528978
  (5 3 | 6 6) -> (18|27) -> (198) =   0.09675217528978
  (5 3 | 6 6) -> (18|27) -> (198) =   0.09675217528978
  (3 5 | 6 6) -> (11|27) -> (93) =   0.09675217528978
  (3 5 | 6 6) -> (11|27) -> (93) =   0.09675217528978
  (6 5 | 6 2) -> (26|23) -> (374) =  -0.02568519750069
  (5 6 | 6 2) -> (21|23) -> (254) =  -0.02568519750069
  (6 5 | 2 6) -> (26|9) -> (360) =  -0.02568519750069
  (5 6 | 2 6) -> (21|9) -> (240) =  -0.02568519750069
  (6 2 | 6 5) -> (23|26) -> (302) =  -0.02568519750069
  (6 2 | 5 6) -> (23|21) -> (297) =  -0.02568519750069
  (2 6 | 6 5) -> (9|26) -> (71) =  -0.02568519750069
  (2 6 | 5 6) -> (9|21) -> (66) =  -0.02568519750069
  (6 5 | 6 3) -> (26|24) -> (375) =   0.02597445119018
  (5 6 | 6 3) -> (21|24) -> (255) =   0.02597445119018
  (6 5 | 3 6) -> (26|12) -> (363) =   0.02597445119018
  (5 6 | 3 6) -> (21|12) -> (243) =   0.02597445119018
  (6 3 | 6 5) -> (24|26) -> (326) =   0.02597445119018
  (6 3 | 5 6) -> (24|21) -> (321) =   0.02597445119018
  (3 6 | 6 5) -> (12|26) -> (104) =   0.02597445119018
  (3 6 | 5 6) -> (12|21) -> (99) =   0.02597445119018
  (6 6 | 5 5) -> (27|20) -> (398) =   0.30253791067386
  (6 6 | 5 5) -> (27|20) -> (398) =   0.30253791067386
  (6 6 | 5 5) -> (27|20) -> (398) =   0.30253791067386
  (6 6 | 5 5) -> (27|20) -> (398) =   0.30253791067386
  (5 5 | 6 6) -> (20|27) -> (237) =   0.30253791067386
  (5 5 | 6 6) -> (20|27) -> (237) =   0.30253791067386
  (5 5 | 6 6) -> (20|27) -> (237) =   0.30253791067386
  (5 5 | 6 6) -> (20|27) -> (237) =   0.30253791067386
  (6 5 | 6 5) -> (26|26) -> (377) =   0.01786132691686
  (5 6 | 6 5) -> (21|26) -> (257) =   0.01786132691686
  (6 5 | 5 6) -> (26|21) -> (372) =   0.01786132691686
  (5 6 | 5 6) -> (21|21) -> (252) =   0.01786132691686
  (6 5 | 6 5) -> (26|26) -> (377) =   0.01786132691686
  (6 5 | 5 6) -> (26|21) -> (372) =   0.01786132691686
  (5 6 | 6 5) -> (21|26) -> (257) =   0.01786132691686
  (5 6 | 5 6) -> (21|21) -> (252) =   0.01786132691686
  (6 6 | 6 0) -> (27|21) -> (399) =   0.01864108537995
  (6 6 | 6 0) -> (27|21) -> (399) =   0.01864108537995
  (6 6 | 0 6) -> (27|6) -> (384) =   0.01864108537995
  (6 6 | 0 6) -> (27|6) -> (384) =   0.01864108537995
  (6 0 | 6 6) -> (21|27) -> (258) =   0.01864108537995
  (6 0 | 6 6) -> (21|27) -> (258) =   0.01864108537995
  (0 6 | 6 6) -> (6|27) -> (48) =   0.01864108537995
  (0 6 | 6 6) -> (6|27) -> (48) =   0.01864108537995
  (6 6 | 6 1) -> (27|22) -> (400) =   0.23542095094144
  (6 6 | 6 1) -> (27|22) -> (400) =   0.23542095094144
  (6 6 | 1 6) -> (27|7) -> (385) =   0.23542095094144
  (6 6 | 1 6) -> (27|7) -> (385) =   0.23542095094144
  (6 1 | 6 6) -> (22|27) -> (280) =   0.23542095094144
  (6 1 | 6 6) -> (22|27) -> (280) =   0.23542095094144
  (1 6 | 6 6) -> (7|27) -> (55) =   0.23542095094144
  (1 6 | 6 6) -> (7|27) -> (55) =   0.23542095094144
  (6 6 | 6 2) -> (27|23) -> (401) =  -0.20669004248856
  (6 6 | 6 2) -> (27|23) -> (401) =  -0.20669004248856
  (6 6 | 2 6) -> (27|9) -> (387) =  -0.20669004248856
  (6 6 | 2 6) -> (27|9) -> (387) =  -0.20669004248856
  (6 2 | 6 6) -> (23|27) -> (303) =  -0.20669004248856
  (6 2 | 6 6) -> (23|27) -> (303) =  -0.20669004248856
  (2 6 | 6 6) -> (9|27) -> (72) =  -0.20669004248856
  (2 6 | 6 6) -> (9|27) -> (72) =  -0.20669004248856
  (6 6 | 6 3) -> (27|24) -> (402) =   0.16148395933837
  (6 6 | 6 3) -> (27|24) -> (402) =   0.16148395933837
  (6 6 | 3 6) -> (27|12) -> (390) =   0.16148395933837
  (6 6 | 3 6) -> (27|12) -> (390) =   0.16148395933837
  (6 3 | 6 6) -> (24|27) -> (327) =   0.16148395933837
  (6 3 | 6 6) -> (24|27) -> (327) =   0.16148395933837
  (3 6 | 6 6) -> (12|27) -> (105) =   0.16148395933837
  (3 6 | 6 6) -> (12|27) -> (105) =   0.16148395933837
  (6 6 | 6 5) -> (27|26) -> (404) =   0.09135370676149
  (6 6 | 6 5) -> (27|26) -> (404) =   0.09135370676149
  (6 6 | 5 6) -> (27|21) -> (399) =   0.09135370676149
  (6 6 | 5 6) -> (27|21) -> (399) =   0.09135370676149
  (6 5 | 6 6) -> (26|27) -> (378) =   0.09135370676149
  (6 5 | 6 6) -> (26|27) -> (378) =   0.09135370676149
  (5 6 | 6 6) -> (21|27) -> (258) =   0.09135370676149
  (5 6 | 6 6) -> (21|27) -> (258) =   0.09135370676149
  (6 6 | 6 6) -> (27|27) -> (405) =   0.77460594391990
  (6 6 | 6 6) -> (27|27) -> (405) =   0.77460594391990
  (6 6 | 6 6) -> (27|27) -> (405) =   0.77460594391990
  (6 6 | 6 6) -> (27|27) -> (405) =   0.77460594391990
  (6 6 | 6 6) -> (27|27) -> (405) =   0.77460594391990
  (6 6 | 6 6) -> (27|27) -> (405) =   0.77460594391990
  (6 6 | 6 6) -> (27|27) -> (405) =   0.77460594391990
  (6 6 | 6 6) -> (27|27) -> (405) =   0.77460594391990
